4935
8119
5351
4424
1811
9217
8105
8983
1994
4506
3825
188
8540
2525
5872
7320
4697
7165
5693
8632
9537
574
3011
206
4910
1216
2041
5977
161
3379
2889
7974
3530
6481
8345
4562
9283
5292
341
7075
3582
635
303
9675
9782
3039
7547
4269
2800
4847
3067
790
3871
1397
9656
9126
3084
498
1811
1276
2455
9512
4676
2625
248
6213
1812
8860
1170
3861
3280
1421
5264
3587
1412
3081
3601
3836
4827
1757
5585
6674
8242
5431
6394
2512
5665
4258
5487
6880
7053
9847
4929
7536
517
5063
3898
3122
5506
9360
5363
7082
6971
7752
7342
1906
151
8728
7992
7241
3278
5632
4146
6013
5388
2173
6093
6313
623
7509
4972
2473
6558
3389
5447
3959
1581
7663
8618
961
6294
2734
3491
1733
1818
9958
7627
3895
6734
5805
6514
7045
531
4467
2114
5746
5028
5129
6665
1317
2865
7530
3059
1249
7135
6367
6369
1228
3512
7631
7247
5132
5336
2319
5924
1413
5191
3453
9395
540
4928
6447
1031
1142
8249
9718
4210
68
1940
4965
1768
2261
8515
3625
9933
3599
151
8863
3646
1216
3040
7989
9601
2916
1085
7190
9785
2306
5053
3623
3017
8914
7841
8922
708
3205
7215
7557
7852
436
8286
6338
8429
1582
4744
7162
7842
3990
8707
7520
2595
5524
2372
5069
6716
5421
6213
1981
9278
9400
9441
4319
8048
4564
9925
5252
316
115
2836
4151
2732
4394
5678
8778
5967
6612
6849
365
9703
451
3502
3186
9234
6015
3311
4815
4025
796
3519
1720
1261
8372
694
1241
267
9889
3964
7184
6582
2091
9529
4983
282
6005
7569
783
5106
3503
7246
6123
7054
6156
4805
1644
8411
8064
741
2503
9390
6512
9055
4830
2283
5577
8062
7789
5236
7598
4257
9076
8088
3853
11
8306
7024
7273
1945
7974
9737
8202
3778
7167
2807
5167
5187
1938
8603
1627
9239
673
2186
2875
1578
1697
3151
9102
4634
5771
5588
856
3004
6270
4148
7517
5572
4771
8938
516
1140
4226
5606
4426
1479
8597
4396
4830
1178
8726
5610
4769
8280
9065
398
941
5069
333
9671
5708
3385
311
6166
6061
3948
4137
2062
4437
16
938
3324
8870
1857
8229
3911
6965
7338
9877
1881
730
3450
8266
9617
8256
6593
7772
2001
6569
2206
7954
4921
6219
4324
4923
6069
8170
9469
90
224
9492
5070
367
7717
3247
4539
5325
2289
8657
496
7816
2247
2060
8317
7549
4975
240
4476
9125
4142
4946
6430
6193
4786
7552
2219
1908
7252
6157
9402
7891
6674
8527
55
5464
2614
3892
2039
8626
5987
5651
8536
2149
5225
6633
3353
7206
71
6650
4743
1341
7307
5380
5786
8367
2442
94
8484
2119
2256
1924
4542
991
886
330
3464
9730
1243
1186
1618
552
4327
8243
8356
2364
3342
5370
800
4279
5682
1675
5292
5318
4433
2655
5433
2602
7869
1717
2030
2462
3916
9140
3903
7269
1565
3925
9230
4929
3952
7979
2340
4820
1096
8831
258
34
4942
1054
1578
6095
7062
9612
6177
6582
2277
497
2122
8232
9310
2802
6818
6805
6443
8322
7007
3921
2567
2107
4726
5048
2526
1449
9263
4167
1889
5596
3486
3316
8472
3518
9139
8979
7624
3660
2256
1986
3561
8894
7534
4218
274
5576
8436
5303
2401
333
6323
1768
1606
9820
9521
6227
4190
4046
4308
9377
2437
8557
5397
8544
725
7470
3023
9986
3682
2612
9911
898
1063
6044
9027
3935
3169
7161
2139
4780
3638
5124
9884
1619
506
2113
9802
8144
1627
3573
3900
1083
3331
8058
3829
7967
8884
1852
7583
7900
1173
6978
3227
8856
3301
5106
8781
4884
2203
3678
3772
9399
7341
6844
7408
2865
3611
8959
8363
597
8385
1781
1900
3082
7053
2825
3230
3164
320
3861
5617
7204
4900
5893
225
3233
9908
4049
6461
7213
8983
843
9911
6312
5167
5010
6685
9149
428
5497
7738
1330
9368
719
2215
4863
3463
5139
3249
1550
2985
3881
4184
713
9894
2903
7631
5685
8080
6109
9404
8649
6173
7722
2259
359
9461
7668
7938
5131
7748
2351
9093
3849
9116
3426
3962
6132
1887
2639
1383
8697
5958
8452
4929
6272
5947
8941
236
5184
5505
4367
2770
7972
3384
9182
8306
4151
2597
3359
8888
254
479
2399
4785
6273
408
9808
5871
2089
7110
2557
8462
293
7769
1935
8153
8119
9969
2812
681
3533
478
7880
6459
7358
5738
3681
951
5057
2876
1167
5951
3665
8306
4213
7658
9609
7981
6354
7223
1401
6263
1003
179
781
8969
9922
4719
6039
9109
4540
4224
8690
3200
9720
7090
8705
7476
3049
8133
9935
3694
9987
9283
9226
6222
7125
2726
45
8141
7617
1965
4428
5205
5536
2366
9518
9397
6216
7681
887
7635
6897
9260
544
5482
2849
5683
2027
8949
5135
4865
8305
3177
4708
5236
1232
1739
6031
7731
2394
8001
7271
5118
1067
3811
98
8781
2992
8021
6616
646
9481
7874
4285
8947
7207
8855
3009
8500
4513
2662
4449
1899
6312
8103
423
7408
9621
2630
7859
9660
6348
1027
3490
3174
6348
7449
5946
9225
83
3816
733
9354
1792
794
1959
3928
2948
8625
4435
3811
3190
4935
8682
3723
751
6754
6746
9802
5554
987
3164
6665
3067
2234
2983
8912
6604
9828
9326
3935
2836
3244
7664
4758
3673
5878
7093
427
4200
2851
3433
1680
9803
3752
5489
6161
7321
6053
9827
9697
4488
2233
6394
1109
181
9692
93
8604
12
6202
9616
7476
8826
2042
4922
9238
9576
7137
7318
8824
9376
6925
8496
2185
7308
5898
5690
904
4925
6917
920
4746
776
9339
8230
1416
8980
5450
5924
1482
6739
6460
6121
3930
7847
9800
5861
2368
44
8218
2788
9297
2266
241
2602
7382
4560
1691
9037
8543
2675
1568
2382
8318
9214
5812
5908
8891
6837
7961
8800
3152
2720
4432
8661
7721
3957
8285
4950
9651
1896
1084
1069
4575
3058
1720
5567
9678
1283
7296
1494
3754
8678
1473
6460
7166
76
2724
9805
2907
530
3220
5286
3770
516
6906
4083
4023
6473
7833
4093
5953
9129
2002
8255
8252
7209
618
6400
3048
7392
2583
7986
8918
9728
7966
9495
1875
1475
349
8112
4157
963
6385
8245
4333
93
196
3716
3606
3492
6428
977
7247
8864
8205
8187
9021
7957
2598
7738
83
8172
8600
6964
7206
2530
5537
9884
671
275
6572
4959
925
8042
8373
8720
978
8589
1052
6136
6524
7554
5560
630
3384
6034
6416
972
932
6788
4662
1209
8781
9840
8340
3703
2313
8325
1362
8695
165
7444
6273
8937
554
1806
3387
7101
6785
1512
6217
6726
3230
5615
6820
2
7740
7958
908
510
2586
643
740
2291
1054
575
2151
4575
8050
3478
3091
1441
7196
9056
5948
8450
3465
8793
7634
9028
9472
4777
6054
8053
3329
4443
3456
5543
1756
3775
3596
3367
3248
9694
3836
974
5060
2555
7092
4081
9630
9275
6146
420
7709
5780
7553
1285
2356
8117
5888
257
8834
2109
3867
724
391
9157
4788
7512
9666
153
1977
1959
8753
2582
591
2265
1326
5464
9091
4731
7180
785
3112
7099
360
4151
1979
9820
4732
9707
309
8398
3272
9303
7523
3851
219
6938
4100
1699
8925
5541
194
4724
9031
4685
7357
6890
843
2155
1330
9341
7106
207
3980
8904
2526
4806
3594
5461
4688
4556
1049
7892
7647
4515
3425
3349
1197
8742
1644
2718
665
6346
9576
3716
8655
7594
7649
3266
178
5604
5453
2124
6287
1060
3989
4439
6630
3573
3603
7840
2895
3662
2130
3282
8979
3671
5366
419
8810
5386
6624
7421
3510
5408
6376
1910
2408
6805
3860
6967
1259
3086
8660
1566
9449
6254
2268
5217
7664
2151
2080
7346
5547
7247
9614
4884
4429
6467
2513
4888
9171
9731
7141
1326
4861
9167
5266
8359
708
2342
1051
8983
2091
4174
234
712
9108
8319
5276
1239
7771
9884
7146
4363
1028
4124
9685
6033
7884
3325
2797
1207
6215
9352
591
95
7315
3175
3258
4359
1723
9056
8784
9824
7835
8881
9328
1347
1384
6044
7793
9380
4204
4778
6488
357
3933
6901
5787
7626
7283
2005
1821
7099
2128
5589
5959
2924
7691
5288
1380
4152
6583
6623
4759
5652
8044
7699
6810
3118
1455
5937
7682
5569
3415
5570
3755
6366
9910
2433
588
3940
3153
9665
1584
2756
4499
2642
9029
8782
1655
6518
9241
2741
8045
5674
5098
7577
8246
212
2938
1219
5937
8584
3926
9722
1749
1215
185
3425
8394
712
9079
8232
665
3018
2230
623
8833
2540
5061
3952
4231
9633
4949
3493
939
7312
6916
1696
1260
9716
2433
7205
9016
7695
3125
9165
6617
9650
9559
7620
5368
6563
9581
1779
9142
4711
4480
3741
2518
2577
2333
3590
6377
9679
9202
5689
8476
9435
8103
5668
108
4673
251
8389
3635
6973
6268
4903
1725
2384
2529
2670
6403
2934
5034
730
6991
7703
9198
9893
6898
2661
5103
7149
4483
8373
5141
5065
9488
2038
992
307
5702
9585
6027
5334
843
5513
4699
931
8269
3668
7018
3969
8506
563
3310
3346
2633
2123
8059
16
7949
98
9112
4070
8812
1332
555
5895
8231
7135
6637
6055
6905
5472
9437
5858
5183
9487
817
3237
2307
2308
6623
1167
9301
5909
5637
7027
2157
8501
1725
918
6439
6553
3668
7607
5158
8053
548
4421
2336
3999
5595
6826
2220
220
2369
7472
6843
1594
9643
1655
522
7747
8923
1162
6243
539
7183
2690
9950
5224
692
7843
4771
4262
3015
512
2745
8121
5158
4406
6579
1126
6510
5643
7580
3178
8818
8311
6856
2785
1903
346
6250
4882
448
5676
6750
5084
8578
495
4964
1556
2961
6879
2243
9626
7522
5650
998
2028
3504
2196
2479
4696
9338
7048
4659
1881
7369
8615
1253
442
7866
3680
8614
2699
1854
9210
6313
1506
5989
3132
9681
8554
9957
4918
8776
5185
5578
4878
5288
7898
7973
4212
2701
2176
8630
5083
9858
6338
8796
1729
1515
9599
2929
7357
6034
9338
382
9293
3237
3429
8575
6688
82
9520
9907
3569
296
6484
4783
9636
127
6245
8141
5662
9473
9705
6341
5847
5110
4018
3690
1637
2320
9728
6982
9367
8405
9955
2775
8021
999
3536
4048
9762
6139
1549
440
1279
6369
6712
3512
8766
6874
6075
1861
8138
2861
2097
7258
1864
3358
1131
1010
8343
8531
2787
5493
9887
8658
415
5146
8171
1289
5158
9712
3843
429
352
6814
6451
7514
3518
6007
4662
1523
7322
3987
9524
5730
1575
5363
5507
981
3193
5466
2152
6509
2409
513
6278
5528
3258
3421
1223
5585
9455
9170
1397
7518
1595
7055
582
9714
5063
8854
3948
2512
4549
6620
8256
3514
2527
2454
5924
1410
6321
6500
7839
891
1363
7630
3471
1945
48
7165
9143
2816
2696
3243
646
4434
5744
4705
2365
9858
5357
6659
2165
7257
4441
8712
5853
1087
6730
771
981
1910
3823
426
8478
9321
4745
7802
8822
9067
1759
8900
7866
372
3374
6684
6815
2093
2232
2542
7717
4857
3115
2396
54
8410
8829
2659
2960
9179
3087
9782
7708
9489
9508
9990
4480
8500
3907
6561
483
3717
3998
5988
1461
9781
9709
608
2493
7121
1306
1505
3939
2177
2120
1278
5612
3421
7818
5299
2177
2908
7882
6073
6713
6624
9262
3202
3016
5467
9280
3854
2656
3229
8778
9
1540
4007
7191
3355
9000
209
7797
5452
6467
9844
8425
1846
6808
6884
4523
9823
3348
5228
9928
1986
3470
6927
7562
2809
4333
9349
9400
8427
8206
4038
1733
9890
6292
1361
3368
2748
4067
9750
8857
7861
3559
160
3844
6695
4502
698
2001
7932
6895
343
9217
7509
3454
1020
2649
4170
7179
2014
4136
5199
5183
4638
513
1778
3350
8540
8048
5507
672
890
8222
9000
6599
8857
4720
7756
5873
3472
5839
7752
5378
6858
2033
4673
9054
717
2527
3972
5855
3372
3186
5924
7160
9949
3900
7802
6839
3885
8133
5596
6570
1035
4376
8477
7057
8625
8309
3430
7732
9633
5942
2914
7180
5739
4569
9530
7935
9954
9415
8706
6165
7691
2353
1822
8370
4734
4324
1888
9119
9846
6081
1566
3998
2065
8022
2532
2465
9060
7245
4599
9188
674
8235
1511
4023
6170
7577
4968
4187
8479
76
8204
5192
5450
5264
7861
9736
9183
2009
6835
4683
8998
6354
1692
4440
687
4878
1145
4767
3508
8911
3913
4713
699
1121
6925
2997
2274
5276
1506
4822
7247
5935
7055
3849
3733
138
3812
1607
473
8647
2227
5192
4211
2814
1211
1298
4669
1230
4544
4448
8609
1474
5692
3978
2402
497
5091
2209
4943
6223
3658
2381
2631
4913
5368
4260
7527
9900
9949
3193
9225
5279
7500
3877
5232
6163
1200
6792
1997
1410
4755
2919
9234
8933
5493
9091
7069
7066
3099
6411
6803
6053
7215
6347
5733
6944
875
2219
4994
4897
6599
863
1234
1186
7472
7557
2122
3460
2094
6654
1287
7729
9271
498
8641
2642
9313
1555
7721
9079
8040
9706
2062
6949
3755
3497
8952
9213
3445
2868
7239
1227
4642
9688
141
8068
3086
5502
8437
2790
8722
8317
2053
5248
7512
3780
4915
4421
4930
4852
7978
6777
3787
2634
1109
8732
6637
4112
7506
8521
8730
1875
9785
4295
7476
9856
2383
6175
8034
507
3882
9121
9369
3590
5588
4457
9238
6384
6032
2248
470
4907
6373
1142
7045
8811
4114
3717
4122
9491
6268
5860
9417
5229
3112
4702
2247
4081
7180
711
7954
9540
614
371
4349
4988
3722
3996
8165
6175
301
8587
2995
6415
2765
7197
2529
5477
7594
3269
8447
5884
6376
7677
3792
7996
2479
3794
1636
3424
1355
841
2179
8456
5507
4456
719
371
7653
820
6134
2764
9982
8557
2070
760
8929
5477
4643
9173
5492
2680
8919
6256
6624
7077
7029
8592
6018
3302
8624
5446
8145
4104
1185
3173
1980
1735
6118
2147
5597
9930
2787
9450
6868
5753
7496
8642
411
5688
8203
1174
888
1660
2923
5639
6383
857
4352
562
8495
2119
5878
4038
6186
4646
1676
9327
7090
7247
5252
1714
2847
6722
3316
3229
8108
4582
7447
1881
4032
7553
208
7044
9108
3821
5549
3068
3334
5542
6289
434
649
717
6419
4612
624
4194
566
9900
9364
4118
4710
8376
1701
6514
6387
2176
3771
836
9507
5831
2230
6297
3289
290
979
8295
6192
3097
9898
442
1511
1119
7658
2325
9968
1628
5361
6044
2550
5561
2475
6924
2883
8879
1764
188
8916
3174
5933
3310
1970
3385
580
793
3689
6739
655
4070
830
9878
3083
4031
1837
7358
9751
8817
4872
2704
8352
3178
3596
1733
1659
7095
8207
8603
8666
6669
8342
9469
4747
4379
5017
102
9795
3912
4219
9307
2767
6710
1057
8761
2343
4372
4673
5300
5384
8555
283
1352
8311
2279
2540
8882
5027
91
4629
8478
7686
3966
7688
8568
6468
2072
1261
1440
1159
3062
7686
3560
6981
2358
1220
9588
6402
1917
2375
7740
1162
771
7167
2506
7089
1250
1012
3071
6577
4085
7413
6546
545
253
8365
2250
9908
4890
4291
5703
6156
542
3638
2865
2243
4381
2761
7700
3868
6620
2761
8964
2518
2847
5474
5829
9516
7287
5886
8654
911
5528
3598
5449
7078
2927
4335
1086
9797
2500
8351
1955
9587
2733
6316
539
423
2445
1625
7872
5439
1995
8779
317
5985
2073
8947
9599
8246
3360
5589
242
1172
9459
1680
7183
9264
4604
3635
2670
7724
2279
6297
5597
2980
3382
4099
4163
6199
24
9794
6127
9077
635
4026
7449
1257
8130
8641
921
1388
6047
2325
7456
8363
3083
5674
4614
8682
9503
4960
4623
9430
8944
6161
7207
7821
8936
6676
4105
4605
5409
4140
3757
9872
3872
7704
8280
1238
5506
8461
3139
535
8408
3030
8003
9408
1425
8620
7564
9881
7565
7034
7502
7828
1193
8531
5968
8246
2426
8610
8214
3352
4500
3162
352
9737
9239
2220
8129
1212
4322
4829
3867
7336
8643
7939
3331
5383
1867
2657
7123
2297
766
9357
5569
3042
9336
5251
7386
1235
1950
5512
1471
6735
7937
2814
1204
1773
8226
2136
3643
5866
6454
8544
7506
8278
6917
2005
5858
8421
9051
4333
2319
9696
4520
6807
4053
8902
4921
2276
7799
275
2911
4763
2441
7170
502
44
5018
5777
1352
1400
7495
9006
9567
2218
784
1179
1052
8082
3620
559
8327
4262
5204
4810
3963
617
1036
4960
7254
7772
8872
1337
1275
3651
5818
423
5051
4012
1830
4654
852
4697
3261
7961
624
904
9278
9219
2619
904
8522
5922
864
2583
2230
7250
7219
5379
857
934
8502
6056
9891
7446
6383
8503
8535
4949
6502
8604
8970
6943
1279
7009
2169
7553
6822
4710
1325
238
7907
2177
2189
1547
5851
844
1759
6655
7643
8398
2696
1408
2614
3698
5009
3076
9765
7513
9124
6406
4085
5508
1604
5315
8362
8728
9181
6537
5191
2463
7532
2209
2376
3984
6979
7629
3596
676
8880
7902
2695
8518
379
4322
8079
5923
883
4612
3873
5924
8309
5878
4166
3101
7438
8940
5587
6630
9940
466
6171
8602
1121
2650
5261
1008
8915
7045
4716
7568
3549
4761
8913
6742
882
5303
4257
5936
6224
6613
6607
9118
7609
1926
1115
7839
1257
8077
1557
5126
5223
3680
9726
1346
2347
2875
3337
2669
41
3043
8142
569
4223
6335
870
8782
6407
8862
6216
1139
9193
9090
8187
3463
7049
5283
5911
8531
392
9355
3908
2717
1954
1982
8287
5979
9100
6525
5489
2582
4687
7321
3823
1165
6210
9175
8392
6050
9712
7849
9834
5372
3496
7767
9184
5328
8567
7604
6339
2743
4436
5450
9271
6744
1350
4189
7088
3710
5828
6289
2465
2955
4187
7274
148
3493
6348
7299
2289
8075
7341
2544
8440
2980
2636
7411
165
8187
1752
4240
173
3676
1351
9913
383
9933
3291
4270
4368
7175
3992
7089
4009
9596
8967
685
7825
6727
3646
9182
7385
7132
5082
777
6486
8815
4277
1369
4451
4121
4277
3946
4620
3565
770
1757
8821
4744
7065
6517
250
6265
7051
294
1715
1762
5724
7175
1566
1886
9655
9633
3661
3970
9776
9825
7709
7398
9157
130
3893
651
6892
2108
2796
775
2884
7212
5955
7861
9859
7430
7024
6369
4213
3568
7612
3707
1454
9144
5479
7661
4575
7295
9165
9514
4849
2346
4858
1681
4877
7269
4421
6382
6808
6704
5326
8339
1537
5968
8632
1952
1460
6127
4646
6939
8148
1515
2007
3563
7338
5002
2879
3429
7123
3632
1203
8814
4119
8419
3198
1042
1152
3715
2672
3562
7969
8715
1908
5315
1696
1176
4530
7959
7361
346
885
698
1092
9884
2080
1715
5763
1247
7963
8644
889
5206
8539
9044
3589
332
6952
9771
2315
4527
8141
1620
666
4500
9055
5137
2235
6771
4080
1635
359
4746
7887
8988
9148
706
5268
7166
8325
2547
1531
5211
981
946
5247
8260
8834
4249
9756
2701
7732
9896
3925
2055
9947
6252
7985
7690
9986
8793
2911
2824
3300
6015
9046
5197
1082
4167
7528
9805
4124
5310
2320
8228
3248
4963
7655
8677
8864
9886
8186
1396
6391
3335
4310
6738
2164
6791
1381
2551
3620
9646
5356
5921
1795
4038
3922
4848
5729
5870
3085
9034
5252
6726
856
6006
8387
1063
5273
4049
1204
9800
310
7322
7417
8930
8414
8417
8996
6908
2034
6252
5392
8771
5266
112
3745
8595
1934
7501
4874
9087
4440
2214
5892
9235
8133
7079
5157
3604
7179
9340
5457
7809
9792
2755
6249
9099
4648
2176
2196
4660
7297
1096
2629
1033
8364
768
1481
6696
7820
5913
9875
5249
9584
7199
1895
7534
2091
361
5336
5999
2328
4040
1032
1437
3727
3445
9897
9792
4181
2420
3695
800
5921
2032
9512
1990
5786
8016
4172
3478
3959
1476
8082
1379
178
1745
177
2082
5372
709
4911
1389
7990
9346
5084
1467
2051
8778
2692
1117
304
2019
80
4817
7863
2151
3859
4363
202
1623
4405
3658
1171
5580
7823
7346
9124
7200
1475
697
1914
3671
376
96
3777
8098
768
7234
9827
8556
6570
7179
4963
1190
2610
7816
8107
8859
6682
3716
6263
3504
5015
2136
6306
8587
344
495
6202
4102
6727
9919
4572
1219
3839
6819
6078
7820
5720
7777
3294
6772
2751
2718
5835
781
8516
6507
4005
4082
2049
1912
6205
7136
7078
1866
1216
8592
1770
3347
6053
8693
2376
3312
9286
3685
6179
9593
2117
7271
3144
8133
7557
4111
5958
7639
2154
5607
9149
7312
8775
1604
194
3893
4534
9936
7586
4617
5871
2962
9066
1499
855
9646
51
4031
1881
6228
2053
5347
9723
7499
9773
5355
9969
9146
4162
6534
4118
6036
4990
3438
5168
802
3019
3461
6994
8842
7583
3473
8609
8563
3248
2224
3981
8945
3116
2949
9676
9488
6469
7656
4963
3070
7006
7463
7758
1787
7940
468
936
6537
3873
4302
7158
1763
5871
4383
8821
1937
9085
6558
8563
9520
1314
5651
503
5608
4639
3188
5027
1777
7635
5001
8194
8632
2422
1808
2232
6429
8301
7935
8182
4061
1896
9452
5495
2510
4190
4562
5304
9721
3805
8560
1342
3402
4339
1211
2343
1394
6378
8084
9466
8217
9466
434
2316
8830
4253
4119
9432
3981
323
5693
823
7497
6763
2073
849
8752
6526
162
345
8939
8470
9825
7631
2150
9504
9072
4463
6051
2957
3865
9848
7046
7383
1164
2975
3621
3067
6639
6024
6034
8549
1598
3356
1284
9872
630
3065
610
176
9857
7718
8538
8913
7946
700
9366
830
2941
2672
9612
6032
1609
8045
4218
3293
8696
8798
2700
3740
9384
3987
6382
9917
3138
1985
6602
6132
2244
1688
9167
1496
280
5609
7596
5417
3202
8254
6413
6163
381
7465
8572
6571
1134
8511
9358
7619
9540
2643
983
6666
3423
8640
3541
4510
6357
4734
3223
1014
9049
1878
1374
7897
2321
1856
8342
6594
9152
8906
4817
5949
3274
4690
6319
2019
3444
5765
998
6162
3874
5417
26
8009
4779
2021
2776
8270
5959
4018
5611
761
7266
9412
4176
763
5398
9957
9033
5779
2879
9612
1268
3688
996
6710
2117
5683
9117
1766
5113
2340
5914
4260
1893
580
7317
7976
6980
2374
9950
2425
4891
7414
9213
3639
9015
9871
1844
3336
3147
3758
3806
3669
1170
4142
6477
7368
2407
6080
9404
689
3013
8517
4525
4945
5018
9179
5495
8292
574
993
3590
7566
1928
7759
5018
2308
8806
3899
1915
5909
3434
2867
4982
8016
5389
1721
9075
6606
524
9606
3480
4063
6026
539
2890
8244
9453
7093
1071
8299
9661
2636
9114
2599
1933
8101
3820
9022
6616
5744
1055
5139
3891
7959
1324
431
581
4576
6976
2035
7767
921
7604
7618
8843
2999
3398
7045
7168
1824
691
9453
9289
7631
2237
5741
4264
5018
625
6827
290
1485
352
7207
3472
5945
5737
8957
9281
2360
5432
6502
1321
3038
9508
1413
29
9670
5300
1869
1608
6535
5733
1263
6405
5803
541
5048
2713
7108
6541
1301
5422
338
1439
8707
8680
7233
8882
5318
3723
2075
7925
4663
6137
4314
6609
8367
6177
3979
9889
8620
2990
1886
3998
510
6072
6782
7187
2657
5693
9792
5898
6289
4280
4706
8372
1886
943
2572
714
3416
6429
4076
8738
5672
9502
8742
4468
2917
9273
7830
5942
6354
2258
3876
8665
8063
781
3087
8358
1274
4080
7983
8520
8031
2422
7029
4725
6090
1482
9416
8953
7374
3131
1850
7928
1911
5569
3778
2444
8490
2333
7671
5014
3090
2789
966
1001
5899
5508
5645
5792
2360
3406
2443
5295
8226
3438
6936
9762
3539
2695
4918
5587
9324
4832
8832
5740
9101
2594
2305
8757
5332
572
3457
7854
4000
4122
3324
4314
1441
6615
8836
7283
6471
8224
7402
8773
6787
1374
7919
3838
3451
8600
3392
2056
7157
7266
1959
3428
1921
3241
2372
2041
7445
3983
1274
9577
7069
9768
5556
8492
7557
196
3
4751
8112
74
7509
8156
3279
4882
3246
5003
2043
9260
4631
8559
5148
2671
1519
1242
6827
4493
4503
8073
1598
4333
3631
1558
976
9531
5522
6111
7472
1588
497
6229
7953
337
6181
9206
2354
4947
5826
9381
3490
3946
9651
7608
2058
2721
6774
8329
8612
9689
4089
1250
4019
1525
5678
2084
1345
3312
4675
1768
8361
5344
2540
4017
8028
7481
8906
6466
570
755
5252
9897
4749
2379
7275
2199
9590
9289
7295
7260
6453
7000
8470
9439
9550
1548
3621
9545
3989
2575
6647
1155
9898
9926
9735
9478
3916
176
262
1545
4548
6835
7852
7153
5704
6103
6988
1768
7096
4531
3113
5365
5681
7153
8718
7466
1905
8715
5374
5713
9226
9908
7978
8415
3379
5212
2539
3007
2698
9516
530
704
5116
3018
4746
1761
9641
9613
4444
1900
1082
5707
775
7385
8106
422
9381
447
4243
425
8161
2909
2361
6727
6235
5358
1158
6953
3074
8123
552
2227
9248
9860
2387
7334
3854
2038
219
290
2367
1029
4970
3051
4428
3611
9728
861
7583
2913
4100
2104
8072
3797
9381
8076
2188
284
3225
6144
8957
5152
6397
6515
7173
5331
5983
1211
7983
5309
1553
5066
6560
8757
3331
9401
2080
2665
7114
3414
3145
9509
9077
7472
459
6678
8121
9178
1461
6952
1577
7668
5126
5582
7656
3999
4289
8032
4913
1162
808
6312
7707
527
4801
592
5190
3354
3359
4277
2998
1437
3787
1770
960
37
1183
1205
6437
6900
9655
8345
32
760
2531
4957
8758
3514
8229
400
9428
3813
5947
417
7117
6278
7922
6500
4969
7419
6762
3513
4576
4273
4425
6067
3600
8431
7812
8585
1281
7064
2600
1052
4764
1247
7530
9425
55
8671
4080
3052
1644
7066
7790
3444
3383
1965
8427
736
6210
3595
3800
9433
2905
9527
9711
717
5683
1305
2379
1094
2358
5268
2199
3500
9695
850
6297
7114
7845
3063
5620
1034
5912
2107
6798
655
255
4304
3928
6729
6828
2647
5516
8570
5765
4769
2688
5864
1090
1250
609
6838
9017
5934
9613
2187
8485
1965
5254
3184
9562
152
9166
6007
9839
4974
9231
7625
572
7068
3102
1887
2035
3000
3371
8209
1105
3729
3806
1529
3441
5821
5761
343
8490
7990
2217
8452
8025
733
9024
1385
2617
4723
9052
6430
9083
4048
3663
9657
6521
137
5469
8691
7790
9454
2594
3109
2849
2532
1686
8017
2473
4356
7376
3731
1652
6406
4468
8728
5109
8265
4746
4584
6747
8135
4509
1981
7235
4132
3763
9074
4816
6909
9279
4307
9983
7151
3174
6002
4672
6460
9008
5213
8708
2448
55
521
518
2612
931
4948
3682
8250
7046
5548
3430
2612
9834
9457
9730
262
7209
5868
6127
3539
8503
6622
1420
7995
8137
6206
8954
1548
4655
5541
1085
6163
662
4319
5326
2568
2279
8901
9316
6255
9868
2767
5017
9600
4969
9670
4935
7277
7557
2252
3857
1563
3961
6973
9610
7597
8820
6372
7805
9590
4440
6669
3918
3699
1653
6753
9177
4182
9894
5078
7173
9046
1057
67
7211
7548
5690
7745
3398
2833
9993
2888
237
3507
8641
2383
1826
117
3905
805
5513
7938
5157
8778
5163
8856
3303
4093
2631
8939
2232
4846
4164
5462
8136
7317
8450
7156
4983
7438
6221
4974
8311
2759
1268
9585
73
9778
1683
3285
3004
2824
3535
4037
5271
2950
7677
3077
1673
5325
2174
1548
675
5370
6306
4092
4662
5144
4004
6329
9008
5419
4089
2952
9907
1949
3987
5888
9964
5572
2979
170
6562
5029
400
9300
5762
2823
4790
2183
728
8425
9473
3629
9427
8769
3752
6849
686
971
2361
2269
1675
6633
320
1450
3959
8294
8532
5555
7512
7034
3486
7573
7728
4518
1001
1936
468
9597
9052
6062
4539
2494
9141
6280
6888
759
3954
7467
9737
6755
485
8060
9535
1143
5560
2535
7184
1128
4843
2845
1532
4323
2235
9408
1170
5530
1190
9243
2887
5221
5457
9655
8943
9653
9908
8346
5703
5653
9439
3748
7267
753
7111
8792
1485
9031
7202
7183
3830
9744
5976
6360
2461
5578
4727
8026
5339
9579
382
334
4483
414
8827
7533
611
8084
4708
9789
3454
6305
8856
6460
9318
5847
1760
2277
3845
284
1205
7332
7135
1602
3878
4870
6207
2762
6492
9238
1821
1205
734
56
8245
6699
3095
2569
9814
8255
1073
1916
9653
731
785
6147
1700
5263
1062
7254
5791
2810
664
2580
5276
3994
1375
8281
5675
8228
6527
2897
5203
5235
1427
2458
3389
4803
7391
997
786
9240
3454
157
6568
7514
9738
13
1430
7961
2873
1583
1973
1966
174
9487
5069
5535
4508
6694
9862
6368
1359
1257
9924
6531
3296
5558
1247
6707
3572
2366
8175
8199
7109
7900
3288
5102
5114
1832
6369
8871
7888
8453
1074
3764
2717
8920
2541
1328
9884
703
2352
2424
8884
9224
5413
9468
1824
4348
8249
8523
5823
30
7583
7832
7975
966
7707
993
1359
5416
2677
5179
3146
6104
4902
3489
7146
8381
6010
4613
3882
7056
7774
520
5995
6925
8789
6684
4944
7911
9236
1766
9310
1086
1737
4046
6745
9758
2455
1696
2594
4561
3509
8549
4495
2574
6941
6193
2050
3654
7636
2850
1228
2105
1060
8867
3997
506
8027
6628
5839
4599
5226
6755
2906
6161
5567
6212
9032
2774
7273
4808
8516
6990
1650
1950
5088
6874
5027
1779
3167
9125
9899
4350
1161
9536
5389
685
6044
863
8261
6123
5367
5956
2660
6217
6728
6499
9279
156
4873
2603
4356
8040
7561
3278
1648
2677
7708
4500
6805
6694
8958
1070
9648
9261
7065
3660
8256
4956
2726
1690
2758
1588
2416
6474
3821
8936
7429
8070
2480
2493
6943
277
8561
912
7374
77
33
1562
111
2511
2920
3505
8753
3716
5222
6855
7840
1508
6336
6718
4074
7030
2110
9298
8295
6947
7743
3739
9268
8586
6381
8106
2566
310
9562
8396
6110
1083
8254
9332
269
6706
1359
967
54
2216
7455
9647
4635
2359
9444
8419
1498
66
6519
7522
6008
1560
2728
5143
2689
2702
5593
2687
29
9629
8272
4036
2142
8702
8767
3555
8315
5447
5559
8774
5508
8852
6738
9130
4657
5012
8196
6937
3505
1943
9599
4127
9014
2102
6941
579
4952
5915
8177
9881
6906
4450
8221
1795
8659
6700
6856
3011
2996
1688
5500
3022
4050
8681
5406
2151
2296
7267
4554
4164
9800
3915
3480
1907
1281
3152
4737
251
8286
4080
3331
7384
8887
4275
2321
1527
2907
3747
9740
3157
2395
9735
9953
5302
3066
5284
5528
1892
2995
4221
5617
4790
1618
5092
7800
8820
1314
9253
5393
1873
908
5431
1042
6580
3232
3072
1760
9721
8945
4226
2254
5028
2046
5442
486
8014
51
5542
6994
1464
1900
7318
646
1294
453
6715
220
1861
3873
2902
6793
6008
7044
2933
5743
1897
452
3300
712
8811
6029
8424
4531
4106
1108
7606
9568
9539
2917
1757
4195
1691
3548
4833
9718
2556
8275
5960
7540
5782
8056
7159
9162
7210
8234
6000
7049
3931
5488
5407
9658
1176
6177
2823
9274
8173
956
8569
1087
3431
9845
7489
2045
5872
2578
228
5757
9565
1652
5029
3636
3498
6039
5339
6173
5501
6626
6839
3865
6558
2410
5385
6901
5955
187
9780
8531
1068
391
8758
2925
3571
8015
8974
3057
7537
8935
5667
6217
7572
9413
8780
3059
2793
1770
2127
5994
2118
137
5760
9802
8415
2182
1939
7628
9181
5587
9099
8447
5316
2399
2369
3321
7921
7745
7133
4729
7833
5226
8830
1735
7843
7304
5450
6541
4051
4885
6528
1035
1768
9730
6246
9821
111
3906
2511
4177
5234
2861
6598
1711
9524
3829
9181
2729
3822
2662
9991
9253
4108
7587
4892
8929
3358
6748
7522
2855
4730
1294
6101
6188
5074
5132
4433
858
2606
7637
4690
5746
5133
6746
2066
3840
5237
473
2177
7809
1223
8707
260
3535
5967
3544
383
5694
4596
3911
5090
1884
4500
437
5670
4614
3752
3673
1085
2090
8835
7703
8398
1063
6149
647
6341
4028
2072
1707
9177
5626
10000
9866
5410
8208
7212
9173
5532
7350
2866
3699
3006
3047
3023
8934
8685
2144
8955
7075
5012
2867
8194
3070
596
6835
1149
1991
2641
1765
7744
112
8990
9435
1949
2486
1040
5405
3879
90
8492
5772
7161
608
2655
1206
862
6094
4244
4362
8524
9510
8032
1835
8552
5527
3412
1170
271
1793
6868
6
3961
2982
8993
4538
5310
995
603
3445
2869
1003
9486
3339
1155
6602
8354
5686
6990
20
1253
9884
3708
454
9910
893
3017
8572
6078
1540
3674
2449
4624
5264
5712
2631
7609
2923
4436
6787
2397
5202
7397
4882
8143
3726
1036
2257
7405
6715
688
6789
3489
697
8623
3053
5516
4918
6032
6046
5701
5409
3206
6885
3641
1280
976
6269
7027
1882
1320
8048
8536
5880
319
2147
3057
4709
5840
2905
4838
983
8453
3113
1202
5680
3192
9444
6570
2754
6814
6167
75
6795
8160
4982
743
4098
6408
7086
7343
4308
896
7384
2404
6452
3514
1488
5409
7681
3968
3182
6618
6007
122
2989
5138
7208
5463
9013
6372
1142
6835
8545
3475
492
5836
2126
8327
5620
4950
8321
7001
9831
2536
8103
2693
1665
8558
3625
9887
8534
4906
6368
9896
1834
7456
8606
2252
8265
2247
5578
5723
5858
3093
4927
4817
5319
197
9909
9432
4177
4452
4309
2510
9351
4234
9648
7414
6099
3431
9107
341
9388
4269
3338
3697
1908
4441
7260
2696
5209
9090
4153
1796
5510
6634
1221
5618
1437
3660
2898
5325
8740
9929
810
1919
3690
1388
2718
7213
3104
5872
2872
8474
1937
8882
9824
8984
8446
5750
3337
5757
1353
7834
6195
5225
8875
8987
6625
5459
1943
116
5528
6734
9044
390
8284
5954
8357
5807
8764
5605
8197
468
8573
8311
1619
9340
2198
4534
3404
9215
7344
5963
5865
606
7425
1378
2547
8192
1956
6543
3852
150
5208
6670
3741
4028
6644
4849
2602
4973
4789
2692
7031
8458
2364
9925
2222
8826
1637
562
2032
3552
6403
7573
7413
9557
7091
2517
5885
930
8698
5685
9242
9661
6894
7955
4204
9384
7617
4482
2594
3390
6776
5657
911
1489
6253
964
48
4735
5013
6928
6869
5097
4617
5957
4301
5395
5111
9110
8029
4422
8538
3824
1840
5013
5178
5422
7286
3441
4749
3389
3039
2445
2956
8922
7255
2790
6838
1120
3161
6106
4886
9750
7855
6346
9104
8439
4373
3117
7927
4148
6142
5867
4609
652
8327
8316
8960
1712
9329
9625
2863
89
8318
2110
5336
9975
3653
3273
7802
6779
3903
246
5732
987
8465
1098
8857
5150
7225
611
7814
2211
6640
167
1730
816
799
4536
8210
8720
3297
9616
6728
190
9617
7916
5540
4359
9290
5681
1537
6281
6221
651
7432
800
4029
9150
957
5459
4505
5715
1938
7676
4074
9067
2795
4953
3667
4153
1292
2118
3301
8606
1268
6630
2787
5109
637
3941
480
3492
1809
1664
2964
9585
1939
850
8970
9676
8992
7587
3765
9038
8041
7649
8822
3038
7695
4951
6891
2007
369
9731
1783
5125
7615
8842
4084
5321
9096
1329
769
4202
1318
7818
3691
9556
8166
763
2186
6070
2422
9818
5474
334
701
5163
9184
4598
7772
1972
4059
7611
6671
6908
3312
2522
2776
8298
1969
3982
4196
384
5202
9778
5016
8752
5886
4904
3253
7252
5751
1649
4302
9698
2517
1670
9075
7287
2086
5996
4790
4570
7559
5728
5552
3283
2411
1716
8923
1015
9779
1629
4226
441
4626
9951
6363
7678
4872
1234
5309
2465
4667
1537
8577
8063
1605
2393
8433
5604
438
582
9495
1125
912
5645
2379
6342
5487
26
6360
1473
7385
7600
1280
5956
8461
4870
3868
3064
6387
1616
1865
7455
2747
1900
4864
660
65
8679
1688
2530
5301
3785
819
7361
3421
6020
1074
9684
1702
7595
9174
5784
8695
2483
989
876
7128
6063
3444
4061
6720
3139
7787
9483
2799
3489
1808
825
6534
3494
331
3179
4578
445
9530
7275
6204
5349
195
2987
6037
9571
8864
5717
7172
2363
5775
4797
8024
2000
5768
7552
9571
6501
6877
2792
992
9971
3250
1399
1038
2583
3144
7262
2414
2000
154
4304
7442
9518
7084
6140
9885
5612
9762
9274
9203
3474
3682
3227
1590
2876
8991
1493
5894
6298
6667
6742
1780
7459
6915
4553
6817
8462
1229
6195
2027
3383
8926
2769
3246
3380
4124
5683
4227
9630
5353
2619
1483
5087
1314
2425
840
3378
1826
8861
4689
8826
345
1692
7964
5587
7970
9458
7345
9020
401
7898
699
2193
9905
6374
8439
7839
5319
5582
6212
2191
2149
215
9286
5881
8275
4094
2475
1274
9388
6005
1484
2106
358
19
4186
6060
8557
212
3683
5505
6946
7358
2907
3445
93
2544
5067
2858
6044
7946
3371
790
3591
7553
2684
5372
2512
3132
7166
6969
7087
3794
7731
7299
8987
6587
5687
8574
9552
1411
4455
9041
4684
8864
9412
3387
2318
4765
951
1888
1590
5061
120
7370
4588
1886
3604
6159
853
4567
8269
5173
8526
439
5146
7332
5985
1332
7723
4466
6986
6122
4658
2207
7019
9782
3875
2079
4702
8081
4460
2546
9556
1955
8096
5562
9534
3522
2990
9772
138
1626
2468
6009
4032
4075
980
1300
1344
9721
1690
6698
5927
597
6367
9013
401
7691
5775
8807
4597
3908
5554
4047
3797
153
6199
8445
5243
6364
5103
7121
2438
2026
1184
8590
1286
7867
4581
4014
942
5600
425
6644
4830
8461
9172
5000
8217
6346
7141
1908
5726
3512
4985
7934
2543
607
589
1048
3999
3711
4729
5985
8878
2921
9623
9778
4575
1780
9808
6314
4664
6167
6904
4185
4912
39
4100
4757
2632
5966
4917
9891
5138
2505
2670
85
2903
7742
4304
6353
1811
1212
7106
5733
4803
8535
7423
7038
5584
3813
9304
1739
949
8501
6726
3728
6945
4763
7881
4612
8130
6106
9649
8624
4505
3361
2992
273
9069
1681
9677
6392
5288
40
9292
9999
4171
657
2480
6807
5578
4659
5928
6476
640
6380
7916
258
3406
8250
8948
5704
2293
9367
4859
8749
6822
4187
2429
960
2433
2023
7229
6338
4776
9705
8508
7945
3679
2102
4881
2427
1964
3865
9
3930
9076
5918
7642
470
1562
5687
1572
8798
2150
1183
5315
5313
2422
8601
2431
5486
5543
1238
4443
1583
8226
2837
9740
4645
9172
5883
9918
4637
3254
5586
8415
1337
262
9177
9475
9826
5260
8180
962
3708
9408
4857
1255
1732
7857
3012
5966
8852
7640
3493
4536
1218
8030
9793
6548
2827
2265
3492
6235
1578
958
5983
119
8941
7337
3031
6793
9493
670
7107
494
3295
9280
7108
7445
830
8233
753
7357
6982
5557
6342
1504
186
8310
5057
577
7412
396
2449
9748
7825
2173
9180
1318
270
1259
5157
3419
1547
1995
4292
2336
9514
8556
4640
9339
1251
8126
3068
9279
3147
7417
3501
4426
9084
5032
5566
2223
983
8729
4123
4166
4375
8744
3665
1991
5364
5789
5014
8604
3103
5627
3100
8131
5799
9862
402
6111
4605
6888
1991
8799
8855
1400
131
8422
2431
5309
577
883
7044
4119
5839
4267
311
5566
3959
4812
9024
1548
390
3998
7958
5942
6461
991
6526
6026
4850
2433
9758
1913
3042
3910
5790
6658
822
3745
6203
6108
1579
2934
365
3682
3430
8994
8630
2347
2793
6929
892
4561
7136
5848
3132
9882
1941
3546
4886
6733
8152
204
4189
2584
1022
3736
1255
8321
4398
4863
9731
6935
7373
1441
4669
2042
4936
3434
4623
2700
6110
3760
4212
317
8134
2879
2737
4763
7686
3288
7942
1501
4940
9793
4783
2567
4682
2751
5016
173
8161
3901
5620
1036
9467
1403
3987
7342
427
5004
1045
199
1697
4871
6545
7981
8836
4057
6164
7302
2150
8017
242
6241
9085
7628
8019
237
1269
3455
9678
5691
90
4373
6489
4621
1772
9855
9613
2272
3491
3792
7901
3573
6657
9527
2560
9460
9718
3047
3934
9417
5332
4925
8319
6683
1101
87
2071
5498
8866
4904
2941
7825
1328
7636
5227
162
1968
6452
2580
3751
5317
464
9488
555
6284
7166
8781
1392
8884
1049
7140
3988
9559
4171
8754
6735
6862
2273
8351
8856
9356
2019
4770
1201
2313
9784
2277
2425
9037
5455
1518
1295
9706
2762
7103
1245
3826
584
8766
9716
5695
2283
9798
5586
2447
1070
5849
6996
7904
328
4862
3821
9946
5521
350
1974
2600
1919
83
7819
4430
1568
2055
5321
3468
3530
9379
7800
9315
2545
3786
3233
763
5706
591
1647
2471
9983
1832
9720
563
5545
5447
1833
8678
4505
8705
7394
7616
4221
6851
2451
8739
8769
520
7985
5868
9498
8407
312
1572
2633
674
484
3427
8792
3747
274
7521
5668
8262
6891
1212
6191
5109
4370
2500
9826
2722
7188
3295
1439
5369
8764
894
2734
2392
9866
7352
4898
870
382
5836
7694
349
2002
5417
7443
2577
9410
338
3978
8493
2638
3245
2099
1743
3794
4957
9932
1691
8670
2547
5191
92
1136
5932
776
2535
3947
6505
5094
4783
717
545
5465
4791
3951
475
8265
5342
3722
7435
3657
4910
8516
2289
4965
8596
5076
487
2805
6885
2024
5398
6287
9745
8998
9898
9782
5535
7479
1790
5953
8931
672
2751
7215
621
9323
711
1552
7261
166
1929
8432
4387
9464
9084
2645
7302
8408
9011
2194
877
8296
4260
5954
6738
9387
9538
6060
2523
3707
7653
1421
635
5625
5042
9520
5923
2091
468
3115
5021
2485
1456
485
1032
6197
4300
6257
8324
1163
1398
5882
7274
5933
2719
5648
2021
383
1014
6112
1310
4341
5487
3459
1363
7578
6255
9586
7451
9275
7881
5639
8287
2963
8469
1977
1032
5621
1691
5076
1691
9207
828
8237
8196
2129
3711
8213
3942
6439
2634
9334
6757
7300
9701
7417
6814
6711
8761
7132
8345
6451
6566
888
6254
9683
1186
1589
6460
2519
3448
6450
7108
4140
7093
4750
2701
4225
923
3679
6118
8482
5150
633
4458
6309
6865
1869
5822
1679
4665
5613
8115
7971
5382
5119
365
1317
8007
9203
5567
999
1854
3687
339
838
3320
9474
572
1859
5407
2727
502
4028
7006
1782
9247
5041
2003
3414
2910
8597
8752
6970
8327
3522
5538
9633
7973
54
5051
4154
7011
7676
7515
3754
8923
3357
6074
1947
8476
4543
3252
2297
4929
6177
8226
1810
7380
1756
9155
805
2881
5980
3449
4976
1382
8471
9807
1782
2580
8279
9507
5455
3402
9792
2907
2149
5681
2976
2870
150
7715
8726
3029
8789
4397
3241
7630
3609
5394
9236
476
3376
7476
9905
3351
3942
9222
3064
6372
2458
3134
3405
638
5926
5312
1398
5563
992
9205
3929
4663
3312
8221
6772
9567
8440
6024
3681
9534
5014
3788
1650
8746
1116
626
9783
5783
4299
7284
985
3398
6319
5384
1123
7978
5691
9386
6901
2543
8286
4833
752
4546
1751
8625
7487
2224
4359
3994
811
814
8990
6403
4797
6193
6599
4719
4236
3038
3688
2622
5117
1408
7486
4039
1926
477
4263
3215
3176
9236
8872
4782
4223
3760
2615
5579
1703
8420
6263
5155
1355
4933
1535
2577
5202
586
3894
9107
3183
104
4019
2831
6259
836
8865
8036
8644
5994
8065
8093
8334
6130
6537
8329
1399
544
184
880
6952
7062
216
4145
975
6321
5871
8355
8199
7256
3778
7125
8481
4397
969
1608
1042
5205
8044
6712
8139
4558
7212
7502
1975
2382
3354
3773
8354
1107
3432
4952
6114
405
5631
9712
9955
2017
451
7646
6580
9276
9743
5322
2897
7916
1821
7747
499
2755
3785
9471
8749
3583
5735
1000
3890
103
9422
7188
4953
926
584
7667
3649
2957
3934
6999
2715
7024
6927
2212
5366
7980
5176
328
9395
3704
2274
915
8161
9839
8468
10000
4035
9086
2651
5614
3084
8969
7304
3910
7590
6053
420
2691
5948
5326
6346
4410
9108
9320
9695
4642
2735
3481
5739
4979
6647
6252
222
5501
3677
2462
4797
5258
7702
1087
6748
3055
589
3741
4324
9892
5331
4054
4166
6841
767
3801
9404
9598
9986
2268
9083
986
2133
9219
9305
3437
5132
8611
86
4889
2308
7086
2755
9577
1042
8811
1945
8468
7050
9328
5463
3698
8875
133
2874
9806
3446
6406
8525
4290
7675
8575
646
1081
4888
1592
5218
2726
8277
4704
3146
8956
8086
8938
3834
2795
5191
6292
1225
3350
8767
3062
5952
45
5299
7725
3841
8669
6359
6548
1700
8025
2152
8496
3814
9645
8713
8129
5962
6399
4589
686
2849
9262
6236
4111
8099
8275
7791
2616
3987
6334
1759
8930
9104
6164
2786
5525
3783
9878
8006
645
9550
8789
9766
9635
9323
6137
1178
1479
7807
3524
1140
3931
1769
552
3447
6210
8809
1676
1211
2137
6345
7913
4248
6369
6377
5225
8985
7318
2584
6824
2810
1464
1941
5348
4254
1033
1785
6425
3704
6982
3754
7362
1438
4976
1054
1034
6183
8902
5098
8067
6796
6550
5913
8876
6032
1461
6392
4598
228
9083
2434
2958
5543
2475
1021
113
3651
6606
7389
7238
6170
1434
7895
5759
8575
8207
7284
4058
4722
4293
3731
9038
898
2803
5708
5337
2220
381
9005
132
9661
5092
2041
5027
8996
8834
6445
7011
2471
6449
5574
5586
5412
4203
4986
6813
3620
5650
906
7925
17
6790
485
1366
7273
6773
4423
1776
8628
1379
5991
8384
6733
3164
3114
2845
1779
5226
3912
3390
3977
9675
7096
9145
3353
9876
3393
2797
134
8470
5652
4578
6413
4721
4752
3869
1154
960
3948
596
4012
7248
9535
7178
3330
2267
8744
8805
8407
7789
1893
8183
4460
5894
8677
4599
3308
4598
7188
3555
6344
3994
6375
801
7126
4704
5677
8998
7605
6726
6874
2945
7421
6619
2681
3851
2045
9878
3402
3186
5354
1160
229
1639
8011
9785
6292
4900
1212
4803
3318
8954
4078
5082
4393
9903
9233
6885
3863
1040
5799
1422
8282
3224
3704
7833
8492
6134
9251
5820
2811
5621
4465
5302
5166
7004
6990
8927
4655
2526
5307
1701
1615
955
9525
9224
7729
9487
7511
841
14
1861
42
6420
762
6900
8385
6541
5815
6905
2858
8504
224
5844
1742
7585
4636
9844
5072
7442
1415
7521
4865
8560
9009
9489
9939
3418
7164
7995
7080
8664
6294
5386
6674
9346
7484
9378
4605
6095
3622
1430
5369
9275
8956
3923
2300
6705
1703
3326
3467
6550
8727
8719
5966
58
7438
5350
3983
5017
444
143
2063
8409
4181
9939
3862
6483
9132
6930
2054
285
6138
9301
3291
9534
7682
7055
681
3361
4401
5751
6041
3821
4842
8150
2287
1496
4438
2114
8345
5965
6615
2381
4668
6117
7732
9347
1276
1818
257
164
4110
9341
7904
9288
615
1203
6104
3569
414
9177
2342
9786
2910
3143
2435
5176
4345
3695
4714
5094
8530
3692
3007
460
1002
2523
9152
6008
1640
4582
1487
5862
6076
7946
6998
4274
9834
4088
6977
2529
5533
3781
9909
2623
7297
2634
9302
9761
764
8469
639
4167
6213
3881
507
6350
350
1546
1266
3500
3019
6673
2196
8996
4544
5406
2278
3740
4148
2194
8530
3871
1075
2831
4514
4064
5885
4020
4157
6617
730
7046
1202
9787
8326
9141
7972
4483
2499
5714
6291
3133
6003
6996
7685
1675
6350
6288
8750
4172
9090
6215
979
3799
3541
114
5556
4416
210
1646
9394
5666
7091
5474
9423
2055
6362
1204
9213
2177
2132
2714
6071
9957
3668
8328
7497
1300
1744
8409
9964
8051
7055
4597
5816
7116
9765
3506
2290
3944
3888
8373
2420
9157
9153
7956
6197
1633
8832
7748
949
6798
524
6530
9533
2224
2648
7183
5240
1693
4307
874
8477
305
9085
8576
3552
8779
7080
6726
3939
3790
1210
6984
5189
9318
6672
8373
587
9895
7991
2886
3763
2956
7445
6653
9300
3877
7477
330
7940
3009
1437
8691
6732
1332
154
4254
9676
2520
4218
2377
6165
9166
8277
6391
2339
257
6991
3581
6610
3838
5633
4036
3858
1547
2889
3853
5041
9235
2475
3539
642
8510
4330
1464
4918
215
3937
9181
2979
905
9819
8589
8415
6410
3483
2429
3521
8863
6148
6077
6035
6636
1678
1177
1783
3659
3984
7117
3202
2180
6775
2766
9411
7919
3451
4076
1835
2925
2988
8450
4938
8980
6993
1630
2978
6782
3453
3209
6531
9405
3476
4136
8364
4940
646
4119
2179
7068
7448
8874
4078
1510
7264
5110
2063
3874
1493
7789
1879
8761
70
688
3297
7168
247
4893
269
8877
6651
2458
9646
4044
7305
787
1528
1862
5483
339
8067
4703
8204
6269
7255
5637
5421
6913
4412
4116
4297
4265
3371
5654
3549
5053
4186
8978
5350
7191
174
8102
318
6659
5894
2496
9952
5656
8141
9009
6164
6714
5623
8467
6946
3748
5505
9917
4790
8682
780
4460
7031
506
6706
6212
72
8209
1313
773
923
9928
9646
3286
6892
5384
7983
199
5752
5605
7922
2062
3127
1175
9000
8700
9787
819
6482
4405
6784
9155
3399
8538
3154
8902
6321
3933
8688
1233
9854
6712
9451
998
6463
2717
234
4352
8339
3914
8898
6979
4235
9311
878
5205
2961
1323
850
9896
6315
9422
417
9045
9199
3872
5571
9849
6012
113
5750
1971
7608
3677
4322
4943
7136
5389
1162
1355
7841
3296
1792
8694
8194
4351
5086
8781
1771
914
3811
4967
7355
9426
8117
2836
9333
6832
1194
8835
2399
4264
2970
7123
2075
6885
5173
4541
4226
4190
4031
8482
9555
6019
4233
4963
247
2427
4018
9294
2994
9327
3287
360
2159
3459
8744
2890
5081
7670
1446
695
6184
1506
6015
6131
4307
1058
6680
3897
9545
702
5522
613
7445
5689
2359
3689
1111
8277
9077
6646
4478
218
7311
8051
1132
8353
9767
2363
9295
7157
4018
5852
3448
7288
7851
5934
2353
2559
841
90
6476
6876
2847
2116
9771
7835
7730
7903
4000
6683
892
5369
2844
3976
9331
856
1525
5637
7879
5102
9311
3649
7625
5701
7396
7369
1310
5481
1077
37
8067
7691
2703
1652
5196
1656
149
7943
9572
1256
2623
9969
4487
535
3250
1522
931
1408
6716
9091
2974
9075
874
4817
4210
9195
2512
6666
9094
9488
5665
6403
7622
2576
1744
11
8597
3024
6805
9551
9819
9488
8314
3868
2768
546
2036
3836
230
393
7651
9171
9589
1745
2537
7138
3145
3400
3388
2666
3772
6951
7849
8708
374
802
3550
8780
7784
2029
6021
6243
1533
9436
7618
4237
7855
6673
6352
8563
4755
6121
8857
1958
9487
3813
4482
7784
4464
6707
360
8824
8546
5746
7901
7833
5680
9789
5764
9784
1689
39
1880
7074
781
6693
7750
5855
4757
3411
2604
9999
2731
8172
6095
1096
5130
6188
6407
5363
5987
8020
9074
3906
7183
6213
5735
2174
1618
2086
3666
4300
2282
1860
7646
4929
2196
3772
5647
4996
3182
4590
8004
4734
8305
1652
8486
4795
3581
5631
1964
6421
8854
8273
117
5938
4730
1464
9908
1077
213
7101
7970
6268
2882
2199
3009
1581
6364
4518
8577
6981
7126
6195
7165
5967
1603
8225
3926
8781
4826
4185
3590
2426
2551
9397
4097
8401
8367
2677
1357
6357
3465
4706
8081
5455
6463
3935
6144
8479
4919
7699
7847
8685
391
9919
1133
6951
4875
9538
4672
4666
4326
1360
9373
8661
8788
5237
4068
9514
2333
4325
6310
36
1248
6123
8069
9727
3162
5616
4150
4952
9222
7278
4101
5007
162
1361
3542
5726
3614
6525
3284
6912
6527
562
2571
3739
4916
1547
6417
3524
6192
7168
9851
4824
9222
208
625
3291
1679
8716
4315
4223
8271
8985
7410
4243
4528
7812
6318
7835
8403
5743
4680
2955
3960
2295
1168
1575
2090
3120
4468
6292
8621
1162
132
8807
4680
1620
9884
8355
1478
443
5617
2723
3546
5073
1530
1780
6341
1833
9927
8141
4415
6150
3127
6829
6396
7561
2006
8898
4813
4391
4692
6971
4869
134
5875
8416
645
9938
8139
1833
3129
3509
6590
1914
8473
790
1084
6922
4315
7768
271
25
9858
8595
2394
2205
9769
2514
3440
9741
5439
9609
2155
3328
3598
6271
9583
7729
4302
7320
4784
5614
2941
5420
4031
7595
3427
5565
4571
773
9339
3608
5788
4415
9791
4757
9081
9335
4112
7884
420
6035
3654
1013
4737
9184
928
8277
928
3433
4618
7401
7499
6966
4704
5231
5981
6649
6869
303
6684
4143
6420
9023
7652
6893
8842
980
2885
8872
3342
981
2824
6179
9644
1949
8336
6355
991
8931
2856
4295
5156
6665
5703
4255
9557
5274
6588
4953
8083
416
1557
1204
4029
1318
2370
5209
9183
5451
10
5825
6795
5932
3681
8347
6632
5995
7832
7464
686
3111
7705
7227
8444
5185
2992
1579
2144
5045
5568
3946
7985
8609
2043
5951
4031
873
2896
868
6550
2606
273
701
6656
7335
7950
6602
4839
584
4024
6002
3995
7012
8233
6702
5287
4652
6913
5542
948
3554
2185
8296
2956
9829
2428
677
9519
1372
643
8474
7914
3263
4114
3725
679
9272
9373
7251
305
8697
2363
3017
5939
5660
7171
3233
2538
3590
9268
9187
3977
9026
3574
8111
2509
8645
2263
5238
1857
205
2604
273
8707
1647
9303
8788
4211
1042
9899
8091
3062
8515
9142
3859
1432
5572
9922
4087
936
5205
4083
7330
6944
4783
7796
8970
3480
6983
83
4858
1713
8447
6426
4423
6523
6956
1856
5234
1940
1723
9798
765
605
1634
5105
3226
121
2457
9231
1851
1982
4504
7473
1972
6652
8976
8452
8322
8576
8195
1215
8999
9533
7824
3106
7248
5703
4117
7582
4017
3200
1551
8193
412
524
6664
1383
8372
5089
4464
9112
1546
8032
5225
995
6397
5153
9717
2108
401
521
8562
9980
8320
2516
4522
2632
5021
4635
6778
2638
3355
931
1330
8669
2174
3856
467
4954
3083
8391
4524
4445
3122
2075
3255
6854
8209
8702
9185
6403
247
8226
6863
5606
5654
3918
4377
4382
3942
9461
7029
9142
8968
9954
5975
6509
3418
7726
48
4599
2445
8747
787
1016
924
8526
2022
2341
8293
3382
4671
625
8657
4177
6412
3593
8864
5270
7024
992
9646
7647
190
3147
3015
3312
5909
8875
4689
8127
6997
396
5664
7610
1212
9796
950
6570
9727
8362
5698
5153
765
8858
8871
8183
9682
1088
4122
3643
4434
2795
9545
4219
7406
3254
6351
3815
6384
1220
4273
9787
2678
5449
5498
7388
3186
6358
2927
4075
2066
6775
1018
2797
9604
4682
2889
3708
7750
8092
2912
3114
4092
5494
5100
106
2365
3538
4865
2187
7752
1304
2887
33
5924
4514
7583
3071
1516
7040
7306
880
9922
6948
3872
2904
5230
8039
4294
9978
3906
2405
1314
7554
7174
5878
148
6784
3704
4213
4854
1490
7582
6427
2505
7494
6500
3973
2119
5183
8624
913
3117
924
2328
7076
8275
9638
9646
4602
5875
9247
5992
7844
7969
8681
2843
286
5236
5535
6564
50
4101
5594
4341
7265
7021
7294
449
3290
6437
9747
3445
5848
7300
959
5992
9071
6416
4018
9237
5501
5403
9679
3674
4556
7284
700
2398
7707
1212
740
2632
326
1652
509
8894
8150
1510
4705
2740
1570
447
493
9547
3452
3018
6938
4586
4521
9669
2768
7637
2256
9674
446
6951
1361
5448
3807
4392
7488
9817
3559
1337
8322
4268
2534
5257
5831
6858
373
4212
6800
1466
5677
2816
5551
2065
4323
8955
593
7871
8468
1323
5098
6740
7558
665
5910
3339
5729
9006
9938
3211
4556
9344
6152
3193
7003
1484
3865
9439
133
9541
5168
7672
4919
2364
8504
3524
1601
80
3014
9894
3280
7793
1857
4385
3298
4288
6529
2090
4615
928
4160
7717
8279
2743
904
7032
5639
3619
2599
2217
9622
7940
7613
4983
1093
2879
7276
180
7467
6361
5140
3907
4672
4131
2901
9822
5285
5612
7593
9273
1782
7554
9999
3081
7813
2557
7423
6172
2501
7700
4637
7737
4538
1009
6860
8363
5483
694
6591
3950
6906
23
8075
8375
2437
8845
4788
5445
767
4484
7675
6277
9283
3014
4617
6932
7251
902
6227
1237
2827
573
1644
4591
5006
9295
474
6438
319
8878
639
7762
3177
3577
8994
8848
8639
3599
8206
3820
8878
4232
2707
9153
6921
4946
9261
2659
1903
3205
9109
4944
4221
3703
2541
1525
695
2441
6026
9396
2262
8886
1452
462
5751
8263
2574
1620
5553
8665
2740
6050
6589
2544
5257
3619
6530
7516
5554
3297
7185
3127
7121
5785
3307
9610
4991
5874
4818
8911
569
9806
1948
5631
4251
7757
6438
4584
1755
2178
8771
6715
1484
4103
7726
9175
3954
3316
8184
4150
3979
3025
4309
2672
8124
5971
2248
9039
7334
8742
3686
9052
8321
4720
4982
8197
4126
495
7874
118
9307
1102
9936
6787
5299
3182
582
8760
8746
7502
7235
8428
2337
3080
7187
7661
9516
5252
1675
8372
3870
4482
209
8903
3813
7148
8373
5693
6954
8584
8812
7572
689
7471
405
5083
5949
4322
2598
409
8529
4088
9635
9925
9670
6977
9982
5111
3833
6111
2504
1637
3754
7051
8717
8789
2955
8430
3801
9540
5865
3179
5339
4513
1966
9310
1319
337
3218
6773
1768
8874
6317
8055
4668
6669
9425
2554
1135
4063
8828
7447
1906
9868
2527
4652
5832
573
1008
1301
7795
3766
6553
7709
8223
6877
5189
4022
71
1350
6114
2394
2379
8285
2371
6704
2852
7601
1422
150
776
5384
6525
9722
574
3489
8483
932
8501
8554
9538
5538
2426
4710
273
1734
2534
8661
2196
3843
1485
1793
2277
9152
3902
9030
6444
645
5427
7621
3602
9596
7688
9038
7353
6926
5226
5380
8586
276
4891
2901
7445
5009
3161
9081
6248
7444
5534
4828
6924
8700
1694
8358
8036
8254
6242
8164
559
8925
5002
8457
6193
2696
2848
7879
5889
8527
7103
3794
3473
6769
7492
2508
7762
9062
8885
2822
2291
9791
4675
9279
9061
4031
7012
3421
7888
6851
4131
4421
3348
3403
1390
7125
2831
6606
1641
5418
2048
6425
1403
2199
5058
2856
6772
5518
2833
5928
7130
7868
1586
3672
5967
3351
3175
7466
3535
7232
2530
8416
1357
4268
732
8425
5233
7840
1232
6470
9235
695
7742
5172
755
3495
3606
9259
309
7833
1250
1775
4162
4257
5661
2514
1243
5482
4416
5980
4125
1824
5230
5438
8459
2771
3644
605
8888
1570
3435
8435
8540
2455
7628
2438
8613
7023
6150
2100
1608
8008
609
6585
2212
5341
5026
1681
8757
255
2993
5026
2439
3297
1839
6697
2607
475
2918
9508
3576
8314
1377
4012
8937
2704
5920
4290
2245
9918
4937
9295
3585
712
8078
7418
2596
3285
9228
6175
9246
2275
6671
770
8126
9505
3487
5469
3266
8435
8944
1948
2452
6760
9659
1589
1372
9388
3184
7645
3577
635
4037
5039
5250
4526
3997
1854
5375
7545
9188
7755
3233
4025
749
6531
4571
8343
172
8082
7706
8672
1550
1444
3216
2757
8517
1510
2936
7676
930
5148
4911
9495
32
9960
5102
765
517
1097
334
8808
9914
5021
7571
3548
5271
6547
1708
8626
4073
4583
8906
8308
1498
4153
3042
9368
9184
8623
3929
9612
938
8291
4925
9306
4379
8275
3739
5308
5175
4747
8265
6201
8545
2432
8132
9390
8335
5615
3604
1539
5539
5446
623
3382
7338
4816
1489
4976
2337
919
8940
4460
5262
1493
945
9936
3218
2930
6255
9791
7916
9831
7968
5143
8506
5853
5661
7833
6545
7249
4618
8823
4702
5336
9949
4177
4460
6917
643
8119
6685
2850
9809
3808
9147
1077
615
263
3240
2027
5805
6499
9895
9261
9276
6004
5589
1218
1530
6874
9809
555
3129
2930
1772
1638
8590
4471
8775
2178
5440
795
9315
6767
3086
9363
3521
2246
6167
7994
3408
6686
7310
1840
4601
1974
6144
9374
497
3293
3650
8960
9234
1156
5945
3966
5485
1479
1049
4748
4559
8652
5556
7644
9120
290
2510
1592
8530
3356
2674
6969
4696
3472
5751
2
3
4
5
6
7
8
9
10
11
12
13
14
15
16
17
18
19
20
21
22
23
24
25
26
27
28
29
30
31
32
33
34
35
36
37
38
39
40
41
42
43
44
45
46
47
48
49
50
51
52
53
54
55
56
57
58
59
60
61
62
63
64
65
66
67
68
69
70
71
72
73
74
75
76
77
78
79
80
81
82
83
84
85
86
87
88
89
90
91
92
93
94
95
96
97
98
99
100
101
102
103
104
105
106
107
108
109
110
111
112
113
114
115
116
117
118
119
120
121
122
123
124
125
126
127
128
129
130
131
132
133
134
135
136
137
138
139
140
141
142
143
144
145
146
147
148
149
150
151
152
153
154
155
156
157
158
159
160
161
162
163
164
165
166
167
168
169
170
171
172
173
174
175
176
177
178
179
180
181
182
183
184
185
186
187
188
189
190
191
192
193
194
195
196
197
198
199
200
201
202
203
204
205
206
207
208
209
210
211
212
213
214
215
216
217
218
219
220
221
222
223
224
225
226
227
228
229
230
231
232
233
234
235
236
237
238
239
240
241
242
243
244
245
246
247
248
249
250
251
252
253
254
255
256
257
258
259
260
261
262
263
264
265
266
267
268
269
270
271
272
273
274
275
276
277
278
279
280
281
282
283
284
285
286
287
288
289
290
291
292
293
294
295
296
297
298
299
300
301
302
303
304
305
306
307
308
309
310
311
312
313
314
315
316
317
318
319
320
321
322
323
324
325
326
327
328
329
330
331
332
333
334
335
336
337
338
339
340
341
342
343
344
345
346
347
348
349
350
351
352
353
354
355
356
357
358
359
360
361
362
363
364
365
366
367
368
369
370
371
372
373
374
375
376
377
378
379
380
381
382
383
384
385
386
387
388
389
390
391
392
393
394
395
396
397
398
399
400
401
402
403
404
405
406
407
408
409
410
411
412
413
414
415
416
417
418
419
420
421
422
423
424
425
426
427
428
429
430
431
432
433
434
435
436
437
438
439
440
441
442
443
444
445
446
447
448
449
450
451
452
453
454
455
456
457
458
459
460
461
462
463
464
465
466
467
468
469
470
471
472
473
474
475
476
477
478
479
480
481
482
483
484
485
486
487
488
489
490
491
492
493
494
495
496
497
498
499
500
501
502
503
504
505
506
507
508
509
510
511
512
513
514
515
516
517
518
519
520
521
522
523
524
525
526
527
528
529
530
531
532
533
534
535
536
537
538
539
540
541
542
543
544
545
546
547
548
549
550
551
552
553
554
555
556
557
558
559
560
561
562
563
564
565
566
567
568
569
570
571
572
573
574
575
576
577
578
579
580
581
582
583
584
585
586
587
588
589
590
591
592
593
594
595
596
597
598
599
600
601
602
603
604
605
606
607
608
609
610
611
612
613
614
615
616
617
618
619
620
621
622
623
624
625
626
627
628
629
630
631
632
633
634
635
636
637
638
639
640
641
642
643
644
645
646
647
648
649
650
651
652
653
654
655
656
657
658
659
660
661
662
663
664
665
666
667
668
669
670
671
672
673
674
675
676
677
678
679
680
681
682
683
684
685
686
687
688
689
690
691
692
693
694
695
696
697
698
699
700
701
702
703
704
705
706
707
708
709
710
711
712
713
714
715
716
717
718
719
720
721
722
723
724
725
726
727
728
729
730
731
732
733
734
735
736
737
738
739
740
741
742
743
744
745
746
747
748
749
750
751
752
753
754
755
756
757
758
759
760
761
762
763
764
765
766
767
768
769
770
771
772
773
774
775
776
777
778
779
780
781
782
783
784
785
786
787
788
789
790
791
792
793
794
795
796
797
798
799
800
801
802
803
804
805
806
807
808
809
810
811
812
813
814
815
816
817
818
819
820
821
822
823
824
825
826
827
828
829
830
831
832
833
834
835
836
837
838
839
840
841
842
843
844
845
846
847
848
849
850
851
852
853
854
855
856
857
858
859
860
861
862
863
864
865
866
867
868
869
870
871
872
873
874
875
876
877
878
879
880
881
882
883
884
885
886
887
888
889
890
891
892
893
894
895
896
897
898
899
900
901
902
903
904
905
906
907
908
909
910
911
912
913
914
915
916
917
918
919
920
921
922
923
924
925
926
927
928
929
930
931
932
933
934
935
936
937
938
939
940
941
942
943
944
945
946
947
948
949
950
951
952
953
954
955
956
957
958
959
960
961
962
963
964
965
966
967
968
969
970
971
972
973
974
975
976
977
978
979
980
981
982
983
984
985
986
987
988
989
990
991
992
993
994
995
996
997
998
999
1000
1001
