4934
8118
5350
4423
1810
9216
8104
8982
1993
4505
3824
187
8539
2524
5871
7319
4696
7164
5692
8631
9536
573
3010
205
4909
1215
2040
5976
160
3378
2888
7973
3529
6480
8344
4561
9282
5291
340
7074
3581
634
302
9674
9781
3038
7546
4268
2799
4846
3066
789
3870
1396
9655
9125
3083
497
1810
1275
2454
9511
4675
2624
247
6212
1811
8859
1169
3860
3279
1420
5263
3586
1411
3080
3600
3835
4826
1756
5584
6673
8241
5430
6393
2511
5664
4257
5486
6879
7052
9846
4928
7535
516
5062
3897
3121
5505
9359
5362
7081
6970
7751
7341
1905
150
8727
7991
7240
3277
5631
4145
6012
5387
2172
6092
6312
622
7508
4971
2472
6557
3388
5446
3958
1580
7662
8617
960
6293
2733
3490
1732
1817
9957
7626
3894
6733
5804
6513
7044
530
4466
2113
5745
5027
5128
6664
1316
2864
7529
3058
1248
7134
6366
6368
1227
3511
7630
7246
5131
5335
2318
5923
1412
5190
3452
9394
539
4927
6446
1030
1141
8248
9717
4209
67
1939
4964
1767
2260
8514
3624
9932
3598
150
8862
3645
1215
3039
7988
9600
2915
1084
7189
9784
2305
5052
3622
3016
8913
7840
8921
707
3204
7214
7556
7851
435
8285
6337
8428
1581
4743
7161
7841
3989
8706
7519
2594
5523
2371
5068
6715
5420
6212
1980
9277
9399
9440
4318
8047
4563
9924
5251
315
114
2835
4150
2731
4393
5677
8777
5966
6611
6848
364
9702
450
3501
3185
9233
6014
3310
4814
4024
795
3518
1719
1260
8371
693
1240
266
9888
3963
7183
6581
2090
9528
4982
281
6004
7568
782
5105
3502
7245
6122
7053
6155
4804
1643
8410
8063
740
2502
9389
6511
9054
4829
2282
5576
8061
7788
5235
7597
4256
9075
8087
3852
10
8305
7023
7272
1944
7973
9736
8201
3777
7166
2806
5166
5186
1937
8602
1626
9238
672
2185
2874
1577
1696
3150
9101
4633
5770
5587
855
3003
6269
4147
7516
5571
4770
8937
515
1139
4225
5605
4425
1478
8596
4395
4829
1177
8725
5609
4768
8279
9064
397
940
5068
332
9670
5707
3384
310
6165
6060
3947
4136
2061
4436
15
937
3323
8869
1856
8228
3910
6964
7337
9876
1880
729
3449
8265
9616
8255
6592
7771
2000
6568
2205
7953
4920
6218
4323
4922
6068
8169
9468
89
223
9491
5069
366
7716
3246
4538
5324
2288
8656
495
7815
2246
2059
8316
7548
4974
239
4475
9124
4141
4945
6429
6192
4785
7551
2218
1907
7251
6156
9401
7890
6673
8526
54
5463
2613
3891
2038
8625
5986
5650
8535
2148
5224
6632
3352
7205
70
6649
4742
1340
7306
5379
5785
8366
2441
93
8483
2118
2255
1923
4541
990
885
329
3463
9729
1242
1185
1617
551
4326
8242
8355
2363
3341
5369
799
4278
5681
1674
5291
5317
4432
2654
5432
2601
7868
1716
2029
2461
3915
9139
3902
7268
1564
3924
9229
4928
3951
7978
2339
4819
1095
8830
257
33
4941
1053
1577
6094
7061
9611
6176
6581
2276
496
2121
8231
9309
2801
6817
6804
6442
8321
7006
3920
2566
2106
4725
5047
2525
1448
9262
4166
1888
5595
3485
3315
8471
3517
9138
8978
7623
3659
2255
1985
3560
8893
7533
4217
273
5575
8435
5302
2400
332
6322
1767
1605
9819
9520
6226
4189
4045
4307
9376
2436
8556
5396
8543
724
7469
3022
9985
3681
2611
9910
897
1062
6043
9026
3934
3168
7160
2138
4779
3637
5123
9883
1618
505
2112
9801
8143
1626
3572
3899
1082
3330
8057
3828
7966
8883
1851
7582
7899
1172
6977
3226
8855
3300
5105
8780
4883
2202
3677
3771
9398
7340
6843
7407
2864
3610
8958
8362
596
8384
1780
1899
3081
7052
2824
3229
3163
319
3860
5616
7203
4899
5892
224
3232
9907
4048
6460
7212
8982
842
9910
6311
5166
5009
6684
9148
427
5496
7737
1329
9367
718
2214
4862
3462
5138
3248
1549
2984
3880
4183
712
9893
2902
7630
5684
8079
6108
9403
8648
6172
7721
2258
358
9460
7667
7937
5130
7747
2350
9092
3848
9115
3425
3961
6131
1886
2638
1382
8696
5957
8451
4928
6271
5946
8940
235
5183
5504
4366
2769
7971
3383
9181
8305
4150
2596
3358
8887
253
478
2398
4784
6272
407
9807
5870
2088
7109
2556
8461
292
7768
1934
8152
8118
9968
2811
680
3532
477
7879
6458
7357
5737
3680
950
5056
2875
1166
5950
3664
8305
4212
7657
9608
7980
6353
7222
1400
6262
1002
178
780
8968
9921
4718
6038
9108
4539
4223
8689
3199
9719
7089
8704
7475
3048
8132
9934
3693
9986
9282
9225
6221
7124
2725
44
8140
7616
1964
4427
5204
5535
2365
9517
9396
6215
7680
886
7634
6896
9259
543
5481
2848
5682
2026
8948
5134
4864
8304
3176
4707
5235
1231
1738
6030
7730
2393
8000
7270
5117
1066
3810
97
8780
2991
8020
6615
645
9480
7873
4284
8946
7206
8854
3008
8499
4512
2661
4448
1898
6311
8102
422
7407
9620
2629
7858
9659
6347
1026
3489
3173
6347
7448
5945
9224
82
3815
732
9353
1791
793
1958
3927
2947
8624
4434
3810
3189
4934
8681
3722
750
6753
6745
9801
5553
986
3163
6664
3066
2233
2982
8911
6603
9827
9325
3934
2835
3243
7663
4757
3672
5877
7092
426
4199
2850
3432
1679
9802
3751
5488
6160
7320
6052
9826
9696
4487
2232
6393
1108
180
9691
92
8603
11
6201
9615
7475
8825
2041
4921
9237
9575
7136
7317
8823
9375
6924
8495
2184
7307
5897
5689
903
4924
6916
919
4745
775
9338
8229
1415
8979
5449
5923
1481
6738
6459
6120
3929
7846
9799
5860
2367
43
8217
2787
9296
2265
240
2601
7381
4559
1690
9036
8542
2674
1567
2381
8317
9213
5811
5907
8890
6836
7960
8799
3151
2719
4431
8660
7720
3956
8284
4949
9650
1895
1083
1068
4574
3057
1719
5566
9677
1282
7295
1493
3753
8677
1472
6459
7165
75
2723
9804
2906
529
3219
5285
3769
515
6905
4082
4022
6472
7832
4092
5952
9128
2001
8254
8251
7208
617
6399
3047
7391
2582
7985
8917
9727
7965
9494
1874
1474
348
8111
4156
962
6384
8244
4332
92
195
3715
3605
3491
6427
976
7246
8863
8204
8186
9020
7956
2597
7737
82
8171
8599
6963
7205
2529
5536
9883
670
274
6571
4958
924
8041
8372
8719
977
8588
1051
6135
6523
7553
5559
629
3383
6033
6415
971
931
6787
4661
1208
8780
9839
8339
3702
2312
8324
1361
8694
164
7443
6272
8936
553
1805
3386
7100
6784
1511
6216
6725
3229
5614
6819
1
7739
7957
907
509
2585
642
739
2290
1053
574
2150
4574
8049
3477
3090
1440
7195
9055
5947
8449
3464
8792
7633
9027
9471
4776
6053
8052
3328
4442
3455
5542
1755
3774
3595
3366
3247
9693
3835
973
5059
2554
7091
4080
9629
9274
6145
419
7708
5779
7552
1284
2355
8116
5887
256
8833
2108
3866
723
390
9156
4787
7511
9665
152
1976
1958
8752
2581
590
2264
1325
5463
9090
4730
7179
784
3111
7098
359
4150
1978
9819
4731
9706
308
8397
3271
9302
7522
3850
218
6937
4099
1698
8924
5540
193
4723
9030
4684
7356
6889
842
2154
1329
9340
7105
206
3979
8903
2525
4805
3593
5460
4687
4555
1048
7891
7646
4514
3424
3348
1196
8741
1643
2717
664
6345
9575
3715
8654
7593
7648
3265
177
5603
5452
2123
6286
1059
3988
4438
6629
3572
3602
7839
2894
3661
2129
3281
8978
3670
5365
418
8809
5385
6623
7420
3509
5407
6375
1909
2407
6804
3859
6966
1258
3085
8659
1565
9448
6253
2267
5216
7663
2150
2079
7345
5546
7246
9613
4883
4428
6466
2512
4887
9170
9730
7140
1325
4860
9166
5265
8358
707
2341
1050
8982
2090
4173
233
711
9107
8318
5275
1238
7770
9883
7145
4362
1027
4123
9684
6032
7883
3324
2796
1206
6214
9351
590
94
7314
3174
3257
4358
1722
9055
8783
9823
7834
8880
9327
1346
1383
6043
7792
9379
4203
4777
6487
356
3932
6900
5786
7625
7282
2004
1820
7098
2127
5588
5958
2923
7690
5287
1379
4151
6582
6622
4758
5651
8043
7698
6809
3117
1454
5936
7681
5568
3414
5569
3754
6365
9909
2432
587
3939
3152
9664
1583
2755
4498
2641
9028
8781
1654
6517
9240
2740
8044
5673
5097
7576
8245
211
2937
1218
5936
8583
3925
9721
1748
1214
184
3424
8393
711
9078
8231
664
3017
2229
622
8832
2539
5060
3951
4230
9632
4948
3492
938
7311
6915
1695
1259
9715
2432
7204
9015
7694
3124
9164
6616
9649
9558
7619
5367
6562
9580
1778
9141
4710
4479
3740
2517
2576
2332
3589
6376
9678
9201
5688
8475
9434
8102
5667
107
4672
250
8388
3634
6972
6267
4902
1724
2383
2528
2669
6402
2933
5033
729
6990
7702
9197
9892
6897
2660
5102
7148
4482
8372
5140
5064
9487
2037
991
306
5701
9584
6026
5333
842
5512
4698
930
8268
3667
7017
3968
8505
562
3309
3345
2632
2122
8058
15
7948
97
9111
4069
8811
1331
554
5894
8230
7134
6636
6054
6904
5471
9436
5857
5182
9486
816
3236
2306
2307
6622
1166
9300
5908
5636
7026
2156
8500
1724
917
6438
6552
3667
7606
5157
8052
547
4420
2335
3998
5594
6825
2219
219
2368
7471
6842
1593
9642
1654
521
7746
8922
1161
6242
538
7182
2689
9949
5223
691
7842
4770
4261
3014
511
2744
8120
5157
4405
6578
1125
6509
5642
7579
3177
8817
8310
6855
2784
1902
345
6249
4881
447
5675
6749
5083
8577
494
4963
1555
2960
6878
2242
9625
7521
5649
997
2027
3503
2195
2478
4695
9337
7047
4658
1880
7368
8614
1252
441
7865
3679
8613
2698
1853
9209
6312
1505
5988
3131
9680
8553
9956
4917
8775
5184
5577
4877
5287
7897
7972
4211
2700
2175
8629
5082
9857
6337
8795
1728
1514
9598
2928
7356
6033
9337
381
9292
3236
3428
8574
6687
81
9519
9906
3568
295
6483
4782
9635
126
6244
8140
5661
9472
9704
6340
5846
5109
4017
3689
1636
2319
9727
6981
9366
8404
9954
2774
8020
998
3535
4047
9761
6138
1548
439
1278
6368
6711
3511
8765
6873
6074
1860
8137
2860
2096
7257
1863
3357
1130
1009
8342
8530
2786
5492
9886
8657
414
5145
8170
1288
5157
9711
3842
428
351
6813
6450
7513
3517
6006
4661
1522
7321
3986
9523
5729
1574
5362
5506
980
3192
5465
2151
6508
2408
512
6277
5527
3257
3420
1222
5584
9454
9169
1396
7517
1594
7054
581
9713
5062
8853
3947
2511
4548
6619
8255
3513
2526
2453
5923
1409
6320
6499
7838
890
1362
7629
3470
1944
47
7164
9142
2815
2695
3242
645
4433
5743
4704
2364
9857
5356
6658
2164
7256
4440
8711
5852
1086
6729
770
980
1909
3822
425
8477
9320
4744
7801
8821
9066
1758
8899
7865
371
3373
6683
6814
2092
2231
2541
7716
4856
3114
2395
53
8409
8828
2658
2959
9178
3086
9781
7707
9488
9507
9989
4479
8499
3906
6560
482
3716
3997
5987
1460
9780
9708
607
2492
7120
1305
1504
3938
2176
2119
1277
5611
3420
7817
5298
2176
2907
7881
6072
6712
6623
9261
3201
3015
5466
9279
3853
2655
3228
8777
8
1539
4006
7190
3354
8999
208
7796
5451
6466
9843
8424
1845
6807
6883
4522
9822
3347
5227
9927
1985
3469
6926
7561
2808
4332
9348
9399
8426
8205
4037
1732
9889
6291
1360
3367
2747
4066
9749
8856
7860
3558
159
3843
6694
4501
697
2000
7931
6894
342
9216
7508
3453
1019
2648
4169
7178
2013
4135
5198
5182
4637
512
1777
3349
8539
8047
5506
671
889
8221
8999
6598
8856
4719
7755
5872
3471
5838
7751
5377
6857
2032
4672
9053
716
2526
3971
5854
3371
3185
5923
7159
9948
3899
7801
6838
3884
8132
5595
6569
1034
4375
8476
7056
8624
8308
3429
7731
9632
5941
2913
7179
5738
4568
9529
7934
9953
9414
8705
6164
7690
2352
1821
8369
4733
4323
1887
9118
9845
6080
1565
3997
2064
8021
2531
2464
9059
7244
4598
9187
673
8234
1510
4022
6169
7576
4967
4186
8478
75
8203
5191
5449
5263
7860
9735
9182
2008
6834
4682
8997
6353
1691
4439
686
4877
1144
4766
3507
8910
3912
4712
698
1120
6924
2996
2273
5275
1505
4821
7246
5934
7054
3848
3732
137
3811
1606
472
8646
2226
5191
4210
2813
1210
1297
4668
1229
4543
4447
8608
1473
5691
3977
2401
496
5090
2208
4942
6222
3657
2380
2630
4912
5367
4259
7526
9899
9948
3192
9224
5278
7499
3876
5231
6162
1199
6791
1996
1409
4754
2918
9233
8932
5492
9090
7068
7065
3098
6410
6802
6052
7214
6346
5732
6943
874
2218
4993
4896
6598
862
1233
1185
7471
7556
2121
3459
2093
6653
1286
7728
9270
497
8640
2641
9312
1554
7720
9078
8039
9705
2061
6948
3754
3496
8951
9212
3444
2867
7238
1226
4641
9687
140
8067
3085
5501
8436
2789
8721
8316
2052
5247
7511
3779
4914
4420
4929
4851
7977
6776
3786
2633
1108
8731
6636
4111
7505
8520
8729
1874
9784
4294
7475
9855
2382
6174
8033
506
3881
9120
9368
3589
5587
4456
9237
6383
6031
2247
469
4906
6372
1141
7044
8810
4113
3716
4121
9490
6267
5859
9416
5228
3111
4701
2246
4080
7179
710
7953
9539
613
370
4348
4987
3721
3995
8164
6174
300
8586
2994
6414
2764
7196
2528
5476
7593
3268
8446
5883
6375
7676
3791
7995
2478
3793
1635
3423
1354
840
2178
8455
5506
4455
718
370
7652
819
6133
2763
9981
8556
2069
759
8928
5476
4642
9172
5491
2679
8918
6255
6623
7076
7028
8591
6017
3301
8623
5445
8144
4103
1184
3172
1979
1734
6117
2146
5596
9929
2786
9449
6867
5752
7495
8641
410
5687
8202
1173
887
1659
2922
5638
6382
856
4351
561
8494
2118
5877
4037
6185
4645
1675
9326
7089
7246
5251
1713
2846
6721
3315
3228
8107
4581
7446
1880
4031
7552
207
7043
9107
3820
5548
3067
3333
5541
6288
433
648
716
6418
4611
623
4193
565
9899
9363
4117
4709
8375
1700
6513
6386
2175
3770
835
9506
5830
2229
6296
3288
289
978
8294
6191
3096
9897
441
1510
1118
7657
2324
9967
1627
5360
6043
2549
5560
2474
6923
2882
8878
1763
187
8915
3173
5932
3309
1969
3384
579
792
3688
6738
654
4069
829
9877
3082
4030
1836
7357
9750
8816
4871
2703
8351
3177
3595
1732
1658
7094
8206
8602
8665
6668
8341
9468
4746
4378
5016
101
9794
3911
4218
9306
2766
6709
1056
8760
2342
4371
4672
5299
5383
8554
282
1351
8310
2278
2539
8881
5026
90
4628
8477
7685
3965
7687
8567
6467
2071
1260
1439
1158
3061
7685
3559
6980
2357
1219
9587
6401
1916
2374
7739
1161
770
7166
2505
7088
1249
1011
3070
6576
4084
7412
6545
544
252
8364
2249
9907
4889
4290
5702
6155
541
3637
2864
2242
4380
2760
7699
3867
6619
2760
8963
2517
2846
5473
5828
9515
7286
5885
8653
910
5527
3597
5448
7077
2926
4334
1085
9796
2499
8350
1954
9586
2732
6315
538
422
2444
1624
7871
5438
1994
8778
316
5984
2072
8946
9598
8245
3359
5588
241
1171
9458
1679
7182
9263
4603
3634
2669
7723
2278
6296
5596
2979
3381
4098
4162
6198
23
9793
6126
9076
634
4025
7448
1256
8129
8640
920
1387
6046
2324
7455
8362
3082
5673
4613
8681
9502
4959
4622
9429
8943
6160
7206
7820
8935
6675
4104
4604
5408
4139
3756
9871
3871
7703
8279
1237
5505
8460
3138
534
8407
3029
8002
9407
1424
8619
7563
9880
7564
7033
7501
7827
1192
8530
5967
8245
2425
8609
8213
3351
4499
3161
351
9736
9238
2219
8128
1211
4321
4828
3866
7335
8642
7938
3330
5382
1866
2656
7122
2296
765
9356
5568
3041
9335
5250
7385
1234
1949
5511
1470
6734
7936
2813
1203
1772
8225
2135
3642
5865
6453
8543
7505
8277
6916
2004
5857
8420
9050
4332
2318
9695
4519
6806
4052
8901
4920
2275
7798
274
2910
4762
2440
7169
501
43
5017
5776
1351
1399
7494
9005
9566
2217
783
1178
1051
8081
3619
558
8326
4261
5203
4809
3962
616
1035
4959
7253
7771
8871
1336
1274
3650
5817
422
5050
4011
1829
4653
851
4696
3260
7960
623
903
9277
9218
2618
903
8521
5921
863
2582
2229
7249
7218
5378
856
933
8501
6055
9890
7445
6382
8502
8534
4948
6501
8603
8969
6942
1278
7008
2168
7552
6821
4709
1324
237
7906
2176
2188
1546
5850
843
1758
6654
7642
8397
2695
1407
2613
3697
5008
3075
9764
7512
9123
6405
4084
5507
1603
5314
8361
8727
9180
6536
5190
2462
7531
2208
2375
3983
6978
7628
3595
675
8879
7901
2694
8517
378
4321
8078
5922
882
4611
3872
5923
8308
5877
4165
3100
7437
8939
5586
6629
9939
465
6170
8601
1120
2649
5260
1007
8914
7044
4715
7567
3548
4760
8912
6741
881
5302
4256
5935
6223
6612
6606
9117
7608
1925
1114
7838
1256
8076
1556
5125
5222
3679
9725
1345
2346
2874
3336
2668
40
3042
8141
568
4222
6334
869
8781
6406
8861
6215
1138
9192
9089
8186
3462
7048
5282
5910
8530
391
9354
3907
2716
1953
1981
8286
5978
9099
6524
5488
2581
4686
7320
3822
1164
6209
9174
8391
6049
9711
7848
9833
5371
3495
7766
9183
5327
8566
7603
6338
2742
4435
5449
9270
6743
1349
4188
7087
3709
5827
6288
2464
2954
4186
7273
147
3492
6347
7298
2288
8074
7340
2543
8439
2979
2635
7410
164
8186
1751
4239
172
3675
1350
9912
382
9932
3290
4269
4367
7174
3991
7088
4008
9595
8966
684
7824
6726
3645
9181
7384
7131
5081
776
6485
8814
4276
1368
4450
4120
4276
3945
4619
3564
769
1756
8820
4743
7064
6516
249
6264
7050
293
1714
1761
5723
7174
1565
1885
9654
9632
3660
3969
9775
9824
7708
7397
9156
129
3892
650
6891
2107
2795
774
2883
7211
5954
7860
9858
7429
7023
6368
4212
3567
7611
3706
1453
9143
5478
7660
4574
7294
9164
9513
4848
2345
4857
1680
4876
7268
4420
6381
6807
6703
5325
8338
1536
5967
8631
1951
1459
6126
4645
6938
8147
1514
2006
3562
7337
5001
2878
3428
7122
3631
1202
8813
4118
8418
3197
1041
1151
3714
2671
3561
7968
8714
1907
5314
1695
1175
4529
7958
7360
345
884
697
1091
9883
2079
1714
5762
1246
7962
8643
888
5205
8538
9043
3588
331
6951
9770
2314
4526
8140
1619
665
4499
9054
5136
2234
6770
4079
1634
358
4745
7886
8987
9147
705
5267
7165
8324
2546
1530
5210
980
945
5246
8259
8833
4248
9755
2700
7731
9895
3924
2054
9946
6251
7984
7689
9985
8792
2910
2823
3299
6014
9045
5196
1081
4166
7527
9804
4123
5309
2319
8227
3247
4962
7654
8676
8863
9885
8185
1395
6390
3334
4309
6737
2163
6790
1380
2550
3619
9645
5355
5920
1794
4037
3921
4847
5728
5869
3084
9033
5251
6725
855
6005
8386
1062
5272
4048
1203
9799
309
7321
7416
8929
8413
8416
8995
6907
2033
6251
5391
8770
5265
111
3744
8594
1933
7500
4873
9086
4439
2213
5891
9234
8132
7078
5156
3603
7178
9339
5456
7808
9791
2754
6248
9098
4647
2175
2195
4659
7296
1095
2628
1032
8363
767
1480
6695
7819
5912
9874
5248
9583
7198
1894
7533
2090
360
5335
5998
2327
4039
1031
1436
3726
3444
9896
9791
4180
2419
3694
799
5920
2031
9511
1989
5785
8015
4171
3477
3958
1475
8081
1378
177
1744
176
2081
5371
708
4910
1388
7989
9345
5083
1466
2050
8777
2691
1116
303
2018
79
4816
7862
2150
3858
4362
201
1622
4404
3657
1170
5579
7822
7345
9123
7199
1474
696
1913
3670
375
95
3776
8097
767
7233
9826
8555
6569
7178
4962
1189
2609
7815
8106
8858
6681
3715
6262
3503
5014
2135
6305
8586
343
494
6201
4101
6726
9918
4571
1218
3838
6818
6077
7819
5719
7776
3293
6771
2750
2717
5834
780
8515
6506
4004
4081
2048
1911
6204
7135
7077
1865
1215
8591
1769
3346
6052
8692
2375
3311
9285
3684
6178
9592
2116
7270
3143
8132
7556
4110
5957
7638
2153
5606
9148
7311
8774
1603
193
3892
4533
9935
7585
4616
5870
2961
9065
1498
854
9645
50
4030
1880
6227
2052
5346
9722
7498
9772
5354
9968
9145
4161
6533
4117
6035
4989
3437
5167
801
3018
3460
6993
8841
7582
3472
8608
8562
3247
2223
3980
8944
3115
2948
9675
9487
6468
7655
4962
3069
7005
7462
7757
1786
7939
467
935
6536
3872
4301
7157
1762
5870
4382
8820
1936
9084
6557
8562
9519
1313
5650
502
5607
4638
3187
5026
1776
7634
5000
8193
8631
2421
1807
2231
6428
8300
7934
8181
4060
1895
9451
5494
2509
4189
4561
5303
9720
3804
8559
1341
3401
4338
1210
2342
1393
6377
8083
9465
8216
9465
433
2315
8829
4252
4118
9431
3980
322
5692
822
7496
6762
2072
848
8751
6525
161
344
8938
8469
9824
7630
2149
9503
9071
4462
6050
2956
3864
9847
7045
7382
1163
2974
3620
3066
6638
6023
6033
8548
1597
3355
1283
9871
629
3064
609
175
9856
7717
8537
8912
7945
699
9365
829
2940
2671
9611
6031
1608
8044
4217
3292
8695
8797
2699
3739
9383
3986
6381
9916
3137
1984
6601
6131
2243
1687
9166
1495
279
5608
7595
5416
3201
8253
6412
6162
380
7464
8571
6570
1133
8510
9357
7618
9539
2642
982
6665
3422
8639
3540
4509
6356
4733
3222
1013
9048
1877
1373
7896
2320
1855
8341
6593
9151
8905
4816
5948
3273
4689
6318
2018
3443
5764
997
6161
3873
5416
25
8008
4778
2020
2775
8269
5958
4017
5610
760
7265
9411
4175
762
5397
9956
9032
5778
2878
9611
1267
3687
995
6709
2116
5682
9116
1765
5112
2339
5913
4259
1892
579
7316
7975
6979
2373
9949
2424
4890
7413
9212
3638
9014
9870
1843
3335
3146
3757
3805
3668
1169
4141
6476
7367
2406
6079
9403
688
3012
8516
4524
4944
5017
9178
5494
8291
573
992
3589
7565
1927
7758
5017
2307
8805
3898
1914
5908
3433
2866
4981
8015
5388
1720
9074
6605
523
9605
3479
4062
6025
538
2889
8243
9452
7092
1070
8298
9660
2635
9113
2598
1932
8100
3819
9021
6615
5743
1054
5138
3890
7958
1323
430
580
4575
6975
2034
7766
920
7603
7617
8842
2998
3397
7044
7167
1823
690
9452
9288
7630
2236
5740
4263
5017
624
6826
289
1484
351
7206
3471
5944
5736
8956
9280
2359
5431
6501
1320
3037
9507
1412
28
9669
5299
1868
1607
6534
5732
1262
6404
5802
540
5047
2712
7107
6540
1300
5421
337
1438
8706
8679
7232
8881
5317
3722
2074
7924
4662
6136
4313
6608
8366
6176
3978
9888
8619
2989
1885
3997
509
6071
6781
7186
2656
5692
9791
5897
6288
4279
4705
8371
1885
942
2571
713
3415
6428
4075
8737
5671
9501
8741
4467
2916
9272
7829
5941
6353
2257
3875
8664
8062
780
3086
8357
1273
4079
7982
8519
8030
2421
7028
4724
6089
1481
9415
8952
7373
3130
1849
7927
1910
5568
3777
2443
8489
2332
7670
5013
3089
2788
965
1000
5898
5507
5644
5791
2359
3405
2442
5294
8225
3437
6935
9761
3538
2694
4917
5586
9323
4831
8831
5739
9100
2593
2304
8756
5331
571
3456
7853
3999
4121
3323
4313
1440
6614
8835
7282
6470
8223
7401
8772
6786
1373
7918
3837
3450
8599
3391
2055
7156
7265
1958
3427
1920
3240
2371
2040
7444
3982
1273
9576
7068
9767
5555
8491
7556
195
2
4750
8111
73
7508
8155
3278
4881
3245
5002
2042
9259
4630
8558
5147
2670
1518
1241
6826
4492
4502
8072
1597
4332
3630
1557
975
9530
5521
6110
7471
1587
496
6228
7952
336
6180
9205
2353
4946
5825
9380
3489
3945
9650
7607
2057
2720
6773
8328
8611
9688
4088
1249
4018
1524
5677
2083
1344
3311
4674
1767
8360
5343
2539
4016
8027
7480
8905
6465
569
754
5251
9896
4748
2378
7274
2198
9589
9288
7294
7259
6452
6999
8469
9438
9549
1547
3620
9544
3988
2574
6646
1154
9897
9925
9734
9477
3915
175
261
1544
4547
6834
7851
7152
5703
6102
6987
1767
7095
4530
3112
5364
5680
7152
8717
7465
1904
8714
5373
5712
9225
9907
7977
8414
3378
5211
2538
3006
2697
9515
529
703
5115
3017
4745
1760
9640
9612
4443
1899
1081
5706
774
7384
8105
421
9380
446
4242
424
8160
2908
2360
6726
6234
5357
1157
6952
3073
8122
551
2226
9247
9859
2386
7333
3853
2037
218
289
2366
1028
4969
3050
4427
3610
9727
860
7582
2912
4099
2103
8071
3796
9380
8075
2187
283
3224
6143
8956
5151
6396
6514
7172
5330
5982
1210
7982
5308
1552
5065
6559
8756
3330
9400
2079
2664
7113
3413
3144
9508
9076
7471
458
6677
8120
9177
1460
6951
1576
7667
5125
5581
7655
3998
4288
8031
4912
1161
807
6311
7706
526
4800
591
5189
3353
3358
4276
2997
1436
3786
1769
959
36
1182
1204
6436
6899
9654
8344
31
759
2530
4956
8757
3513
8228
399
9427
3812
5946
416
7116
6277
7921
6499
4968
7418
6761
3512
4575
4272
4424
6066
3599
8430
7811
8584
1280
7063
2599
1051
4763
1246
7529
9424
54
8670
4079
3051
1643
7065
7789
3443
3382
1964
8426
735
6209
3594
3799
9432
2904
9526
9710
716
5682
1304
2378
1093
2357
5267
2198
3499
9694
849
6296
7113
7844
3062
5619
1033
5911
2106
6797
654
254
4303
3927
6728
6827
2646
5515
8569
5764
4768
2687
5863
1089
1249
608
6837
9016
5933
9612
2186
8484
1964
5253
3183
9561
151
9165
6006
9838
4973
9230
7624
571
7067
3101
1886
2034
2999
3370
8208
1104
3728
3805
1528
3440
5820
5760
342
8489
7989
2216
8451
8024
732
9023
1384
2616
4722
9051
6429
9082
4047
3662
9656
6520
136
5468
8690
7789
9453
2593
3108
2848
2531
1685
8016
2472
4355
7375
3730
1651
6405
4467
8727
5108
8264
4745
4583
6746
8134
4508
1980
7234
4131
3762
9073
4815
6908
9278
4306
9982
7150
3173
6001
4671
6459
9007
5212
8707
2447
54
520
517
2611
930
4947
3681
8249
7045
5547
3429
2611
9833
9456
9729
261
7208
5867
6126
3538
8502
6621
1419
7994
8136
6205
8953
1547
4654
5540
1084
6162
661
4318
5325
2567
2278
8900
9315
6254
9867
2766
5016
9599
4968
9669
4934
7276
7556
2251
3856
1562
3960
6972
9609
7596
8819
6371
7804
9589
4439
6668
3917
3698
1652
6752
9176
4181
9893
5077
7172
9045
1056
66
7210
7547
5689
7744
3397
2832
9992
2887
236
3506
8640
2382
1825
116
3904
804
5512
7937
5156
8777
5162
8855
3302
4092
2630
8938
2231
4845
4163
5461
8135
7316
8449
7155
4982
7437
6220
4973
8310
2758
1267
9584
72
9777
1682
3284
3003
2823
3534
4036
5270
2949
7676
3076
1672
5324
2173
1547
674
5369
6305
4091
4661
5143
4003
6328
9007
5418
4088
2951
9906
1948
3986
5887
9963
5571
2978
169
6561
5028
399
9299
5761
2822
4789
2182
727
8424
9472
3628
9426
8768
3751
6848
685
970
2360
2268
1674
6632
319
1449
3958
8293
8531
5554
7511
7033
3485
7572
7727
4517
1000
1935
467
9596
9051
6061
4538
2493
9140
6279
6887
758
3953
7466
9736
6754
484
8059
9534
1142
5559
2534
7183
1127
4842
2844
1531
4322
2234
9407
1169
5529
1189
9242
2886
5220
5456
9654
8942
9652
9907
8345
5702
5652
9438
3747
7266
752
7110
8791
1484
9030
7201
7182
3829
9743
5975
6359
2460
5577
4726
8025
5338
9578
381
333
4482
413
8826
7532
610
8083
4707
9788
3453
6304
8855
6459
9317
5846
1759
2276
3844
283
1204
7331
7134
1601
3877
4869
6206
2761
6491
9237
1820
1204
733
55
8244
6698
3094
2568
9813
8254
1072
1915
9652
730
784
6146
1699
5262
1061
7253
5790
2809
663
2579
5275
3993
1374
8280
5674
8227
6526
2896
5202
5234
1426
2457
3388
4802
7390
996
785
9239
3453
156
6567
7513
9737
12
1429
7960
2872
1582
1972
1965
173
9486
5068
5534
4507
6693
9861
6367
1358
1256
9923
6530
3295
5557
1246
6706
3571
2365
8174
8198
7108
7899
3287
5101
5113
1831
6368
8870
7887
8452
1073
3763
2716
8919
2540
1327
9883
702
2351
2423
8883
9223
5412
9467
1823
4347
8248
8522
5822
29
7582
7831
7974
965
7706
992
1358
5415
2676
5178
3145
6103
4901
3488
7145
8380
6009
4612
3881
7055
7773
519
5994
6924
8788
6683
4943
7910
9235
1765
9309
1085
1736
4045
6744
9757
2454
1695
2593
4560
3508
8548
4494
2573
6940
6192
2049
3653
7635
2849
1227
2104
1059
8866
3996
505
8026
6627
5838
4598
5225
6754
2905
6160
5566
6211
9031
2773
7272
4807
8515
6989
1649
1949
5087
6873
5026
1778
3166
9124
9898
4349
1160
9535
5388
684
6043
862
8260
6122
5366
5955
2659
6216
6727
6498
9278
155
4872
2602
4355
8039
7560
3277
1647
2676
7707
4499
6804
6693
8957
1069
9647
9260
7064
3659
8255
4955
2725
1689
2757
1587
2415
6473
3820
8935
7428
8069
2479
2492
6942
276
8560
911
7373
76
32
1561
110
2510
2919
3504
8752
3715
5221
6854
7839
1507
6335
6717
4073
7029
2109
9297
8294
6946
7742
3738
9267
8585
6380
8105
2565
309
9561
8395
6109
1082
8253
9331
268
6705
1358
966
53
2215
7454
9646
4634
2358
9443
8418
1497
65
6518
7521
6007
1559
2727
5142
2688
2701
5592
2686
28
9628
8271
4035
2141
8701
8766
3554
8314
5446
5558
8773
5507
8851
6737
9129
4656
5011
8195
6936
3504
1942
9598
4126
9013
2101
6940
578
4951
5914
8176
9880
6905
4449
8220
1794
8658
6699
6855
3010
2995
1687
5499
3021
4049
8680
5405
2150
2295
7266
4553
4163
9799
3914
3479
1906
1280
3151
4736
250
8285
4079
3330
7383
8886
4274
2320
1526
2906
3746
9739
3156
2394
9734
9952
5301
3065
5283
5527
1891
2994
4220
5616
4789
1617
5091
7799
8819
1313
9252
5392
1872
907
5430
1041
6579
3231
3071
1759
9720
8944
4225
2253
5027
2045
5441
485
8013
50
5541
6993
1463
1899
7317
645
1293
452
6714
219
1860
3872
2901
6792
6007
7043
2932
5742
1896
451
3299
711
8810
6028
8423
4530
4105
1107
7605
9567
9538
2916
1756
4194
1690
3547
4832
9717
2555
8274
5959
7539
5781
8055
7158
9161
7209
8233
5999
7048
3930
5487
5406
9657
1175
6176
2822
9273
8172
955
8568
1086
3430
9844
7488
2044
5871
2577
227
5756
9564
1651
5028
3635
3497
6038
5338
6172
5500
6625
6838
3864
6557
2409
5384
6900
5954
186
9779
8530
1067
390
8757
2924
3570
8014
8973
3056
7536
8934
5666
6216
7571
9412
8779
3058
2792
1769
2126
5993
2117
136
5759
9801
8414
2181
1938
7627
9180
5586
9098
8446
5315
2398
2368
3320
7920
7744
7132
4728
7832
5225
8829
1734
7842
7303
5449
6540
4050
4884
6527
1034
1767
9729
6245
9820
110
3905
2510
4176
5233
2860
6597
1710
9523
3828
9180
2728
3821
2661
9990
9252
4107
7586
4891
8928
3357
6747
7521
2854
4729
1293
6100
6187
5073
5131
4432
857
2605
7636
4689
5745
5132
6745
2065
3839
5236
472
2176
7808
1222
8706
259
3534
5966
3543
382
5693
4595
3910
5089
1883
4499
436
5669
4613
3751
3672
1084
2089
8834
7702
8397
1062
6148
646
6340
4027
2071
1706
9176
5625
9999
9865
5409
8207
7211
9172
5531
7349
2865
3698
3005
3046
3022
8933
8684
2143
8954
7074
5011
2866
8193
3069
595
6834
1148
1990
2640
1764
7743
111
8989
9434
1948
2485
1039
5404
3878
89
8491
5771
7160
607
2654
1205
861
6093
4243
4361
8523
9509
8031
1834
8551
5526
3411
1169
270
1792
6867
5
3960
2981
8992
4537
5309
994
602
3444
2868
1002
9485
3338
1154
6601
8353
5685
6989
19
1252
9883
3707
453
9909
892
3016
8571
6077
1539
3673
2448
4623
5263
5711
2630
7608
2922
4435
6786
2396
5201
7396
4881
8142
3725
1035
2256
7404
6714
687
6788
3488
696
8622
3052
5515
4917
6031
6045
5700
5408
3205
6884
3640
1279
975
6268
7026
1881
1319
8047
8535
5879
318
2146
3056
4708
5839
2904
4837
982
8452
3112
1201
5679
3191
9443
6569
2753
6813
6166
74
6794
8159
4981
742
4097
6407
7085
7342
4307
895
7383
2403
6451
3513
1487
5408
7680
3967
3181
6617
6006
121
2988
5137
7207
5462
9012
6371
1141
6834
8544
3474
491
5835
2125
8326
5619
4949
8320
7000
9830
2535
8102
2692
1664
8557
3624
9886
8533
4905
6367
9895
1833
7455
8605
2251
8264
2246
5577
5722
5857
3092
4926
4816
5318
196
9908
9431
4176
4451
4308
2509
9350
4233
9647
7413
6098
3430
9106
340
9387
4268
3337
3696
1907
4440
7259
2695
5208
9089
4152
1795
5509
6633
1220
5617
1436
3659
2897
5324
8739
9928
809
1918
3689
1387
2717
7212
3103
5871
2871
8473
1936
8881
9823
8983
8445
5749
3336
5756
1352
7833
6194
5224
8874
8986
6624
5458
1942
115
5527
6733
9043
389
8283
5953
8356
5806
8763
5604
8196
467
8572
8310
1618
9339
2197
4533
3403
9214
7343
5962
5864
605
7424
1377
2546
8191
1955
6542
3851
149
5207
6669
3740
4027
6643
4848
2601
4972
4788
2691
7030
8457
2363
9924
2221
8825
1636
561
2031
3551
6402
7572
7412
9556
7090
2516
5884
929
8697
5684
9241
9660
6893
7954
4203
9383
7616
4481
2593
3389
6775
5656
910
1488
6252
963
47
4734
5012
6927
6868
5096
4616
5956
4300
5394
5110
9109
8028
4421
8537
3823
1839
5012
5177
5421
7285
3440
4748
3388
3038
2444
2955
8921
7254
2789
6837
1119
3160
6105
4885
9749
7854
6345
9103
8438
4372
3116
7926
4147
6141
5866
4608
651
8326
8315
8959
1711
9328
9624
2862
88
8317
2109
5335
9974
3652
3272
7801
6778
3902
245
5731
986
8464
1097
8856
5149
7224
610
7813
2210
6639
166
1729
815
798
4535
8209
8719
3296
9615
6727
189
9616
7915
5539
4358
9289
5680
1536
6280
6220
650
7431
799
4028
9149
956
5458
4504
5714
1937
7675
4073
9066
2794
4952
3666
4152
1291
2117
3300
8605
1267
6629
2786
5108
636
3940
479
3491
1808
1663
2963
9584
1938
849
8969
9675
8991
7586
3764
9037
8040
7648
8821
3037
7694
4950
6890
2006
368
9730
1782
5124
7614
8841
4083
5320
9095
1328
768
4201
1317
7817
3690
9555
8165
762
2185
6069
2421
9817
5473
333
700
5162
9183
4597
7771
1971
4058
7610
6670
6907
3311
2521
2775
8297
1968
3981
4195
383
5201
9777
5015
8751
5885
4903
3252
7251
5750
1648
4301
9697
2516
1669
9074
7286
2085
5995
4789
4569
7558
5727
5551
3282
2410
1715
8922
1014
9778
1628
4225
440
4625
9950
6362
7677
4871
1233
5308
2464
4666
1536
8576
8062
1604
2392
8432
5603
437
581
9494
1124
911
5644
2378
6341
5486
25
6359
1472
7384
7599
1279
5955
8460
4869
3867
3063
6386
1615
1864
7454
2746
1899
4863
659
64
8678
1687
2529
5300
3784
818
7360
3420
6019
1073
9683
1701
7594
9173
5783
8694
2482
988
875
7127
6062
3443
4060
6719
3138
7786
9482
2798
3488
1807
824
6533
3493
330
3178
4577
444
9529
7274
6203
5348
194
2986
6036
9570
8863
5716
7171
2362
5774
4796
8023
1999
5767
7551
9570
6500
6876
2791
991
9970
3249
1398
1037
2582
3143
7261
2413
1999
153
4303
7441
9517
7083
6139
9884
5611
9761
9273
9202
3473
3681
3226
1589
2875
8990
1492
5893
6297
6666
6741
1779
7458
6914
4552
6816
8461
1228
6194
2026
3382
8925
2768
3245
3379
4123
5682
4226
9629
5352
2618
1482
5086
1313
2424
839
3377
1825
8860
4688
8825
344
1691
7963
5586
7969
9457
7344
9019
400
7897
698
2192
9904
6373
8438
7838
5318
5581
6211
2190
2148
214
9285
5880
8274
4093
2474
1273
9387
6004
1483
2105
357
18
4185
6059
8556
211
3682
5504
6945
7357
2906
3444
92
2543
5066
2857
6043
7945
3370
789
3590
7552
2683
5371
2511
3131
7165
6968
7086
3793
7730
7298
8986
6586
5686
8573
9551
1410
4454
9040
4683
8863
9411
3386
2317
4764
950
1887
1589
5060
119
7369
4587
1885
3603
6158
852
4566
8268
5172
8525
438
5145
7331
5984
1331
7722
4465
6985
6121
4657
2206
7018
9781
3874
2078
4701
8080
4459
2545
9555
1954
8095
5561
9533
3521
2989
9771
137
1625
2467
6008
4031
4074
979
1299
1343
9720
1689
6697
5926
596
6366
9012
400
7690
5774
8806
4596
3907
5553
4046
3796
152
6198
8444
5242
6363
5102
7120
2437
2025
1183
8589
1285
7866
4580
4013
941
5599
424
6643
4829
8460
9171
4999
8216
6345
7140
1907
5725
3511
4984
7933
2542
606
588
1047
3998
3710
4728
5984
8877
2920
9622
9777
4574
1779
9807
6313
4663
6166
6903
4184
4911
38
4099
4756
2631
5965
4916
9890
5137
2504
2669
84
2902
7741
4303
6352
1810
1211
7105
5732
4802
8534
7422
7037
5583
3812
9303
1738
948
8500
6725
3727
6944
4762
7880
4611
8129
6105
9648
8623
4504
3360
2991
272
9068
1680
9676
6391
5287
39
9291
9998
4170
656
2479
6806
5577
4658
5927
6475
639
6379
7915
257
3405
8249
8947
5703
2292
9366
4858
8748
6821
4186
2428
959
2432
2022
7228
6337
4775
9704
8507
7944
3678
2101
4880
2426
1963
3864
8
3929
9075
5917
7641
469
1561
5686
1571
8797
2149
1182
5314
5312
2421
8600
2430
5485
5542
1237
4442
1582
8225
2836
9739
4644
9171
5882
9917
4636
3253
5585
8414
1336
261
9176
9474
9825
5259
8179
961
3707
9407
4856
1254
1731
7856
3011
5965
8851
7639
3492
4535
1217
8029
9792
6547
2826
2264
3491
6234
1577
957
5982
118
8940
7336
3030
6792
9492
669
7106
493
3294
9279
7107
7444
829
8232
752
7356
6981
5556
6341
1503
185
8309
5056
576
7411
395
2448
9747
7824
2172
9179
1317
269
1258
5156
3418
1546
1994
4291
2335
9513
8555
4639
9338
1250
8125
3067
9278
3146
7416
3500
4425
9083
5031
5565
2222
982
8728
4122
4165
4374
8743
3664
1990
5363
5788
5013
8603
3102
5626
3099
8130
5798
9861
401
6110
4604
6887
1990
8798
8854
1399
130
8421
2430
5308
576
882
7043
4118
5838
4266
310
5565
3958
4811
9023
1547
389
3997
7957
5941
6460
990
6525
6025
4849
2432
9757
1912
3041
3909
5789
6657
821
3744
6202
6107
1578
2933
364
3681
3429
8993
8629
2346
2792
6928
891
4560
7135
5847
3131
9881
1940
3545
4885
6732
8151
203
4188
2583
1021
3735
1254
8320
4397
4862
9730
6934
7372
1440
4668
2041
4935
3433
4622
2699
6109
3759
4211
316
8133
2878
2736
4762
7685
3287
7941
1500
4939
9792
4782
2566
4681
2750
5015
172
8160
3900
5619
1035
9466
1402
3986
7341
426
5003
1044
198
1696
4870
6544
7980
8835
4056
6163
7301
2149
8016
241
6240
9084
7627
8018
236
1268
3454
9677
5690
89
4372
6488
4620
1771
9854
9612
2271
3490
3791
7900
3572
6656
9526
2559
9459
9717
3046
3933
9416
5331
4924
8318
6682
1100
86
2070
5497
8865
4903
2940
7824
1327
7635
5226
161
1967
6451
2579
3750
5316
463
9487
554
6283
7165
8780
1391
8883
1048
7139
3987
9558
4170
8753
6734
6861
2272
8350
8855
9355
2018
4769
1200
2312
9783
2276
2424
9036
5454
1517
1294
9705
2761
7102
1244
3825
583
8765
9715
5694
2282
9797
5585
2446
1069
5848
6995
7903
327
4861
3820
9945
5520
349
1973
2599
1918
82
7818
4429
1567
2054
5320
3467
3529
9378
7799
9314
2544
3785
3232
762
5705
590
1646
2470
9982
1831
9719
562
5544
5446
1832
8677
4504
8704
7393
7615
4220
6850
2450
8738
8768
519
7984
5867
9497
8406
311
1571
2632
673
483
3426
8791
3746
273
7520
5667
8261
6890
1211
6190
5108
4369
2499
9825
2721
7187
3294
1438
5368
8763
893
2733
2391
9865
7351
4897
869
381
5835
7693
348
2001
5416
7442
2576
9409
337
3977
8492
2637
3244
2098
1742
3793
4956
9931
1690
8669
2546
5190
91
1135
5931
775
2534
3946
6504
5093
4782
716
544
5464
4790
3950
474
8264
5341
3721
7434
3656
4909
8515
2288
4964
8595
5075
486
2804
6884
2023
5397
6286
9744
8997
9897
9781
5534
7478
1789
5952
8930
671
2750
7214
620
9322
710
1551
7260
165
1928
8431
4386
9463
9083
2644
7301
8407
9010
2193
876
8295
4259
5953
6737
9386
9537
6059
2522
3706
7652
1420
634
5624
5041
9519
5922
2090
467
3114
5020
2484
1455
484
1031
6196
4299
6256
8323
1162
1397
5881
7273
5932
2718
5647
2020
382
1013
6111
1309
4340
5486
3458
1362
7577
6254
9585
7450
9274
7880
5638
8286
2962
8468
1976
1031
5620
1690
5075
1690
9206
827
8236
8195
2128
3710
8212
3941
6438
2633
9333
6756
7299
9700
7416
6813
6710
8760
7131
8344
6450
6565
887
6253
9682
1185
1588
6459
2518
3447
6449
7107
4139
7092
4749
2700
4224
922
3678
6117
8481
5149
632
4457
6308
6864
1868
5821
1678
4664
5612
8114
7970
5381
5118
364
1316
8006
9202
5566
998
1853
3686
338
837
3319
9473
571
1858
5406
2726
501
4027
7005
1781
9246
5040
2002
3413
2909
8596
8751
6969
8326
3521
5537
9632
7972
53
5050
4153
7010
7675
7514
3753
8922
3356
6073
1946
8475
4542
3251
2296
4928
6176
8225
1809
7379
1755
9154
804
2880
5979
3448
4975
1381
8470
9806
1781
2579
8278
9506
5454
3401
9791
2906
2148
5680
2975
2869
149
7714
8725
3028
8788
4396
3240
7629
3608
5393
9235
475
3375
7475
9904
3350
3941
9221
3063
6371
2457
3133
3404
637
5925
5311
1397
5562
991
9204
3928
4662
3311
8220
6771
9566
8439
6023
3680
9533
5013
3787
1649
8745
1115
625
9782
5782
4298
7283
984
3397
6318
5383
1122
7977
5690
9385
6900
2542
8285
4832
751
4545
1750
8624
7486
2223
4358
3993
810
813
8989
6402
4796
6192
6598
4718
4235
3037
3687
2621
5116
1407
7485
4038
1925
476
4262
3214
3175
9235
8871
4781
4222
3759
2614
5578
1702
8419
6262
5154
1354
4932
1534
2576
5201
585
3893
9106
3182
103
4018
2830
6258
835
8864
8035
8643
5993
8064
8092
8333
6129
6536
8328
1398
543
183
879
6951
7061
215
4144
974
6320
5870
8354
8198
7255
3777
7124
8480
4396
968
1607
1041
5204
8043
6711
8138
4557
7211
7501
1974
2381
3353
3772
8353
1106
3431
4951
6113
404
5630
9711
9954
2016
450
7645
6579
9275
9742
5321
2896
7915
1820
7746
498
2754
3784
9470
8748
3582
5734
999
3889
102
9421
7187
4952
925
583
7666
3648
2956
3933
6998
2714
7023
6926
2211
5365
7979
5175
327
9394
3703
2273
914
8160
9838
8467
9999
4034
9085
2650
5613
3083
8968
7303
3909
7589
6052
419
2690
5947
5325
6345
4409
9107
9319
9694
4641
2734
3480
5738
4978
6646
6251
221
5500
3676
2461
4796
5257
7701
1086
6747
3054
588
3740
4323
9891
5330
4053
4165
6840
766
3800
9403
9597
9985
2267
9082
985
2132
9218
9304
3436
5131
8610
85
4888
2307
7085
2754
9576
1041
8810
1944
8467
7049
9327
5462
3697
8874
132
2873
9805
3445
6405
8524
4289
7674
8574
645
1080
4887
1591
5217
2725
8276
4703
3145
8955
8085
8937
3833
2794
5190
6291
1224
3349
8766
3061
5951
44
5298
7724
3840
8668
6358
6547
1699
8024
2151
8495
3813
9644
8712
8128
5961
6398
4588
685
2848
9261
6235
4110
8098
8274
7790
2615
3986
6333
1758
8929
9103
6163
2785
5524
3782
9877
8005
644
9549
8788
9765
9634
9322
6136
1177
1478
7806
3523
1139
3930
1768
551
3446
6209
8808
1675
1210
2136
6344
7912
4247
6368
6376
5224
8984
7317
2583
6823
2809
1463
1940
5347
4253
1032
1784
6424
3703
6981
3753
7361
1437
4975
1053
1033
6182
8901
5097
8066
6795
6549
5912
8875
6031
1460
6391
4597
227
9082
2433
2957
5542
2474
1020
112
3650
6605
7388
7237
6169
1433
7894
5758
8574
8206
7283
4057
4721
4292
3730
9037
897
2802
5707
5336
2219
380
9004
131
9660
5091
2040
5026
8995
8833
6444
7010
2470
6448
5573
5585
5411
4202
4985
6812
3619
5649
905
7924
16
6789
484
1365
7272
6772
4422
1775
8627
1378
5990
8383
6732
3163
3113
2844
1778
5225
3911
3389
3976
9674
7095
9144
3352
9875
3392
2796
133
8469
5651
4577
6412
4720
4751
3868
1153
959
3947
595
4011
7247
9534
7177
3329
2266
8743
8804
8406
7788
1892
8182
4459
5893
8676
4598
3307
4597
7187
3554
6343
3993
6374
800
7125
4703
5676
8997
7604
6725
6873
2944
7420
6618
2680
3850
2044
9877
3401
3185
5353
1159
228
1638
8010
9784
6291
4899
1211
4802
3317
8953
4077
5081
4392
9902
9232
6884
3862
1039
5798
1421
8281
3223
3703
7832
8491
6133
9250
5819
2810
5620
4464
5301
5165
7003
6989
8926
4654
2525
5306
1700
1614
954
9524
9223
7728
9486
7510
840
13
1860
41
6419
761
6899
8384
6540
5814
6904
2857
8503
223
5843
1741
7584
4635
9843
5071
7441
1414
7520
4864
8559
9008
9488
9938
3417
7163
7994
7079
8663
6293
5385
6673
9345
7483
9377
4604
6094
3621
1429
5368
9274
8955
3922
2299
6704
1702
3325
3466
6549
8726
8718
5965
57
7437
5349
3982
5016
443
142
2062
8408
4180
9938
3861
6482
9131
6929
2053
284
6137
9300
3290
9533
7681
7054
680
3360
4400
5750
6040
3820
4841
8149
2286
1495
4437
2113
8344
5964
6614
2380
4667
6116
7731
9346
1275
1817
256
163
4109
9340
7903
9287
614
1202
6103
3568
413
9176
2341
9785
2909
3142
2434
5175
4344
3694
4713
5093
8529
3691
3006
459
1001
2522
9151
6007
1639
4581
1486
5861
6075
7945
6997
4273
9833
4087
6976
2528
5532
3780
9908
2622
7296
2633
9301
9760
763
8468
638
4166
6212
3880
506
6349
349
1545
1265
3499
3018
6672
2195
8995
4543
5405
2277
3739
4147
2193
8529
3870
1074
2830
4513
4063
5884
4019
4156
6616
729
7045
1201
9786
8325
9140
7971
4482
2498
5713
6290
3132
6002
6995
7684
1674
6349
6287
8749
4171
9089
6214
978
3798
3540
113
5555
4415
209
1645
9393
5665
7090
5473
9422
2054
6361
1203
9212
2176
2131
2713
6070
9956
3667
8327
7496
1299
1743
8408
9963
8050
7054
4596
5815
7115
9764
3505
2289
3943
3887
8372
2419
9156
9152
7955
6196
1632
8831
7747
948
6797
523
6529
9532
2223
2647
7182
5239
1692
4306
873
8476
304
9084
8575
3551
8778
7079
6725
3938
3789
1209
6983
5188
9317
6671
8372
586
9894
7990
2885
3762
2955
7444
6652
9299
3876
7476
329
7939
3008
1436
8690
6731
1331
153
4253
9675
2519
4217
2376
6164
9165
8276
6390
2338
256
6990
3580
6609
3837
5632
4035
3857
1546
2888
3852
5040
9234
2474
3538
641
8509
4329
1463
4917
214
3936
9180
2978
904
9818
8588
8414
6409
3482
2428
3520
8862
6147
6076
6034
6635
1677
1176
1782
3658
3983
7116
3201
2179
6774
2765
9410
7918
3450
4075
1834
2924
2987
8449
4937
8979
6992
1629
2977
6781
3452
3208
6530
9404
3475
4135
8363
4939
645
4118
2178
7067
7447
8873
4077
1509
7263
5109
2062
3873
1492
7788
1878
8760
69
687
3296
7167
246
4892
268
8876
6650
2457
9645
4043
7304
786
1527
1861
5482
338
8066
4702
8203
6268
7254
5636
5420
6912
4411
4115
4296
4264
3370
5653
3548
5052
4185
8977
5349
7190
173
8101
317
6658
5893
2495
9951
5655
8140
9008
6163
6713
5622
8466
6945
3747
5504
9916
4789
8681
779
4459
7030
505
6705
6211
71
8208
1312
772
922
9927
9645
3285
6891
5383
7982
198
5751
5604
7921
2061
3126
1174
8999
8699
9786
818
6481
4404
6783
9154
3398
8537
3153
8901
6320
3932
8687
1232
9853
6711
9450
997
6462
2716
233
4351
8338
3913
8897
6978
4234
9310
877
5204
2960
1322
849
9895
6314
9421
416
9044
9198
3871
5570
9848
6011
112
5749
1970
7607
3676
4321
4942
7135
5388
1161
1354
7840
3295
1791
8693
8193
4350
5085
8780
1770
913
3810
4966
7354
9425
8116
2835
9332
6831
1193
8834
2398
4263
2969
7122
2074
6884
5172
4540
4225
4189
4030
8481
9554
6018
4232
4962
246
2426
4017
9293
2993
9326
3286
359
2158
3458
8743
2889
5080
7669
1445
694
6183
1505
6014
6130
4306
1057
6679
3896
9544
701
5521
612
7444
5688
2358
3688
1110
8276
9076
6645
4477
217
7310
8050
1131
8352
9766
2362
9294
7156
4017
5851
3447
7287
7850
5933
2352
2558
840
89
6475
6875
2846
2115
9770
7834
7729
7902
3999
6682
891
5368
2843
3975
9330
855
1524
5636
7878
5101
9310
3648
7624
5700
7395
7368
1309
5480
1076
36
8066
7690
2702
1651
5195
1655
148
7942
9571
1255
2622
9968
4486
534
3249
1521
930
1407
6715
9090
2973
9074
873
4816
4209
9194
2511
6665
9093
9487
5664
6402
7621
2575
1743
10
8596
3023
6804
9550
9818
9487
8313
3867
2767
545
2035
3835
229
392
7650
9170
9588
1744
2536
7137
3144
3399
3387
2665
3771
6950
7848
8707
373
801
3549
8779
7783
2028
6020
6242
1532
9435
7617
4236
7854
6672
6351
8562
4754
6120
8856
1957
9486
3812
4481
7783
4463
6706
359
8823
8545
5745
7900
7832
5679
9788
5763
9783
1688
38
1879
7073
780
6692
7749
5854
4756
3410
2603
9998
2730
8171
6094
1095
5129
6187
6406
5362
5986
8019
9073
3905
7182
6212
5734
2173
1617
2085
3665
4299
2281
1859
7645
4928
2195
3771
5646
4995
3181
4589
8003
4733
8304
1651
8485
4794
3580
5630
1963
6420
8853
8272
116
5937
4729
1463
9907
1076
212
7100
7969
6267
2881
2198
3008
1580
6363
4517
8576
6980
7125
6194
7164
5966
1602
8224
3925
8780
4825
4184
3589
2425
2550
9396
4096
8400
8366
2676
1356
6356
3464
4705
8080
5454
6462
3934
6143
8478
4918
7698
7846
8684
390
9918
1132
6950
4874
9537
4671
4665
4325
1359
9372
8660
8787
5236
4067
9513
2332
4324
6309
35
1247
6122
8068
9726
3161
5615
4149
4951
9221
7277
4100
5006
161
1360
3541
5725
3613
6524
3283
6911
6526
561
2570
3738
4915
1546
6416
3523
6191
7167
9850
4823
9221
207
624
3290
1678
8715
4314
4222
8270
8984
7409
4242
4527
7811
6317
7834
8402
5742
4679
2954
3959
2294
1167
1574
2089
3119
4467
6291
8620
1161
131
8806
4679
1619
9883
8354
1477
442
5616
2722
3545
5072
1529
1779
6340
1832
9926
8140
4414
6149
3126
6828
6395
7560
2005
8897
4812
4390
4691
6970
4868
133
5874
8415
644
9937
8138
1832
3128
3508
6589
1913
8472
789
1083
6921
4314
7767
270
24
9857
8594
2393
2204
9768
2513
3439
9740
5438
9608
2154
3327
3597
6270
9582
7728
4301
7319
4783
5613
2940
5419
4030
7594
3426
5564
4570
772
9338
3607
5787
4414
9790
4756
9080
9334
4111
7883
419
6034
3653
1012
4736
9183
927
8276
927
3432
4617
7400
7498
6965
4703
5230
5980
6648
6868
302
6683
4142
6419
9022
7651
6892
8841
979
2884
8871
3341
980
2823
6178
9643
1948
8335
6354
990
8930
2855
4294
5155
6664
5702
4254
9556
5273
6587
4952
8082
415
1556
1203
4028
1317
2369
5208
9182
5450
9
5824
6794
5931
3680
8346
6631
5994
7831
7463
685
3110
7704
7226
8443
5184
2991
1578
2143
5044
5567
3945
7984
8608
2042
5950
4030
872
2895
867
6549
2605
272
700
6655
7334
7949
6601
4838
583
4023
6001
3994
7011
8232
6701
5286
4651
6912
5541
947
3553
2184
8295
2955
9828
2427
676
9518
1371
642
8473
7913
3262
4113
3724
678
9271
9372
7250
304
8696
2362
3016
5938
5659
7170
3232
2537
3589
9267
9186
3976
9025
3573
8110
2508
8644
2262
5237
1856
204
2603
272
8706
1646
9302
8787
4210
1041
9898
8090
3061
8514
9141
3858
1431
5571
9921
4086
935
5204
4082
7329
6943
4782
7795
8969
3479
6982
82
4857
1712
8446
6425
4422
6522
6955
1855
5233
1939
1722
9797
764
604
1633
5104
3225
120
2456
9230
1850
1981
4503
7472
1971
6651
8975
8451
8321
8575
8194
1214
8998
9532
7823
3105
7247
5702
4116
7581
4016
3199
1550
8192
411
523
6663
1382
8371
5088
4463
9111
1545
8031
5224
994
6396
5152
9716
2107
400
520
8561
9979
8319
2515
4521
2631
5020
4634
6777
2637
3354
930
1329
8668
2173
3855
466
4953
3082
8390
4523
4444
3121
2074
3254
6853
8208
8701
9184
6402
246
8225
6862
5605
5653
3917
4376
4381
3941
9460
7028
9141
8967
9953
5974
6508
3417
7725
47
4598
2444
8746
786
1015
923
8525
2021
2340
8292
3381
4670
624
8656
4176
6411
3592
8863
5269
7023
991
9645
7646
189
3146
3014
3311
5908
8874
4688
8126
6996
395
5663
7609
1211
9795
949
6569
9726
8361
5697
5152
764
8857
8870
8182
9681
1087
4121
3642
4433
2794
9544
4218
7405
3253
6350
3814
6383
1219
4272
9786
2677
5448
5497
7387
3185
6357
2926
4074
2065
6774
1017
2796
9603
4681
2888
3707
7749
8091
2911
3113
4091
5493
5099
105
2364
3537
4864
2186
7751
1303
2886
32
5923
4513
7582
3070
1515
7039
7305
879
9921
6947
3871
2903
5229
8038
4293
9977
3905
2404
1313
7553
7173
5877
147
6783
3703
4212
4853
1489
7581
6426
2504
7493
6499
3972
2118
5182
8623
912
3116
923
2327
7075
8274
9637
9645
4601
5874
9246
5991
7843
7968
8680
2842
285
5235
5534
6563
49
4100
5593
4340
7264
7020
7293
448
3289
6436
9746
3444
5847
7299
958
5991
9070
6415
4017
9236
5500
5402
9678
3673
4555
7283
699
2397
7706
1211
739
2631
325
1651
508
8893
8149
1509
4704
2739
1569
446
492
9546
3451
3017
6937
4585
4520
9668
2767
7636
2255
9673
445
6950
1360
5447
3806
4391
7487
9816
3558
1336
8321
4267
2533
5256
5830
6857
372
4211
6799
1465
5676
2815
5550
2064
4322
8954
592
7870
8467
1322
5097
6739
7557
664
5909
3338
5728
9005
9937
3210
4555
9343
6151
3192
7002
1483
3864
9438
132
9540
5167
7671
4918
2363
8503
3523
1600
79
3013
9893
3279
7792
1856
4384
3297
4287
6528
2089
4614
927
4159
7716
8278
2742
903
7031
5638
3618
2598
2216
9621
7939
7612
4982
1092
2878
7275
179
7466
6360
5139
3906
4671
4130
2900
9821
5284
5611
7592
9272
1781
7553
9998
3080
7812
2556
7422
6171
2500
7699
4636
7736
4537
1008
6859
8362
5482
693
6590
3949
6905
22
8074
8374
2436
8844
4787
5444
766
4483
7674
6276
9282
3013
4616
6931
7250
901
6226
1236
2826
572
1643
4590
5005
9294
473
6437
318
8877
638
7761
3176
3576
8993
8847
8638
3598
8205
3819
8877
4231
2706
9152
6920
4945
9260
2658
1902
3204
9108
4943
4220
3702
2540
1524
694
2440
6025
9395
2261
8885
1451
461
5750
8262
2573
1619
5552
8664
2739
6049
6588
2543
5256
3618
6529
7515
5553
3296
7184
3126
7120
5784
3306
9609
4990
5873
4817
8910
568
9805
1947
5630
4250
7756
6437
4583
1754
2177
8770
6714
1483
4102
7725
9174
3953
3315
8183
4149
3978
3024
4308
2671
8123
5970
2247
9038
7333
8741
3685
9051
8320
4719
4981
8196
4125
494
7873
117
9306
1101
9935
6786
5298
3181
581
8759
8745
7501
7234
8427
2336
3079
7186
7660
9515
5251
1674
8371
3869
4481
208
8902
3812
7147
8372
5692
6953
8583
8811
7571
688
7470
404
5082
5948
4321
2597
408
8528
4087
9634
9924
9669
6976
9981
5110
3832
6110
2503
1636
3753
7050
8716
8788
2954
8429
3800
9539
5864
3178
5338
4512
1965
9309
1318
336
3217
6772
1767
8873
6316
8054
4667
6668
9424
2553
1134
4062
8827
7446
1905
9867
2526
4651
5831
572
1007
1300
7794
3765
6552
7708
8222
6876
5188
4021
70
1349
6113
2393
2378
8284
2370
6703
2851
7600
1421
149
775
5383
6524
9721
573
3488
8482
931
8500
8553
9537
5537
2425
4709
272
1733
2533
8660
2195
3842
1484
1792
2276
9151
3901
9029
6443
644
5426
7620
3601
9595
7687
9037
7352
6925
5225
5379
8585
275
4890
2900
7444
5008
3160
9080
6247
7443
5533
4827
6923
8699
1693
8357
8035
8253
6241
8163
558
8924
5001
8456
6192
2695
2847
7878
5888
8526
7102
3793
3472
6768
7491
2507
7761
9061
8884
2821
2290
9790
4674
9278
9060
4030
7011
3420
7887
6850
4130
4420
3347
3402
1389
7124
2830
6605
1640
5417
2047
6424
1402
2198
5057
2855
6771
5517
2832
5927
7129
7867
1585
3671
5966
3350
3174
7465
3534
7231
2529
8415
1356
4267
731
8424
5232
7839
1231
6469
9234
694
7741
5171
754
3494
3605
9258
308
7832
1249
1774
4161
4256
5660
2513
1242
5481
4415
5979
4124
1823
5229
5437
8458
2770
3643
604
8887
1569
3434
8434
8539
2454
7627
2437
8612
7022
6149
2099
1607
8007
608
6584
2211
5340
5025
1680
8756
254
2992
5025
2438
3296
1838
6696
2606
474
2917
9507
3575
8313
1376
4011
8936
2703
5919
4289
2244
9917
4936
9294
3584
711
8077
7417
2595
3284
9227
6174
9245
2274
6670
769
8125
9504
3486
5468
3265
8434
8943
1947
2451
6759
9658
1588
1371
9387
3183
7644
3576
634
4036
5038
5249
4525
3996
1853
5374
7544
9187
7754
3232
4024
748
6530
4570
8342
171
8081
7705
8671
1549
1443
3215
2756
8516
1509
2935
7675
929
5147
4910
9494
31
9959
5101
764
516
1096
333
8807
9913
5020
7570
3547
5270
6546
1707
8625
4072
4582
8905
8307
1497
4152
3041
9367
9183
8622
3928
9611
937
8290
4924
9305
4378
8274
3738
5307
5174
4746
8264
6200
8544
2431
8131
9389
8334
5614
3603
1538
5538
5445
622
3381
7337
4815
1488
4975
2336
918
8939
4459
5261
1492
944
9935
3217
2929
6254
9790
7915
9830
7967
5142
8505
5852
5660
7832
6544
7248
4617
8822
4701
5335
9948
4176
4459
6916
642
8118
6684
2849
9808
3807
9146
1076
614
262
3239
2026
5804
6498
9894
9260
9275
6003
5588
1217
1529
6873
9808
554
3128
2929
1771
1637
8589
4470
8774
2177
5439
794
9314
6766
3085
9362
3520
2245
6166
7993
3407
6685
7309
1839
4600
1973
6143
9373
496
3292
3649
8959
9233
1155
5944
3965
5484
1478
1048
4747
4558
8651
5555
7643
9119
289
2509
1591
8529
3355
2673
6968
4695
3471
5750
1
2
3
4
5
6
7
8
9
10
11
12
13
14
15
16
17
18
19
20
21
22
23
24
25
26
27
28
29
30
31
32
33
34
35
36
37
38
39
40
41
42
43
44
45
46
47
48
49
50
51
52
53
54
55
56
57
58
59
60
61
62
63
64
65
66
67
68
69
70
71
72
73
74
75
76
77
78
79
80
81
82
83
84
85
86
87
88
89
90
91
92
93
94
95
96
97
98
99
100
101
102
103
104
105
106
107
108
109
110
111
112
113
114
115
116
117
118
119
120
121
122
123
124
125
126
127
128
129
130
131
132
133
134
135
136
137
138
139
140
141
142
143
144
145
146
147
148
149
150
151
152
153
154
155
156
157
158
159
160
161
162
163
164
165
166
167
168
169
170
171
172
173
174
175
176
177
178
179
180
181
182
183
184
185
186
187
188
189
190
191
192
193
194
195
196
197
198
199
200
201
202
203
204
205
206
207
208
209
210
211
212
213
214
215
216
217
218
219
220
221
222
223
224
225
226
227
228
229
230
231
232
233
234
235
236
237
238
239
240
241
242
243
244
245
246
247
248
249
250
251
252
253
254
255
256
257
258
259
260
261
262
263
264
265
266
267
268
269
270
271
272
273
274
275
276
277
278
279
280
281
282
283
284
285
286
287
288
289
290
291
292
293
294
295
296
297
298
299
300
301
302
303
304
305
306
307
308
309
310
311
312
313
314
315
316
317
318
319
320
321
322
323
324
325
326
327
328
329
330
331
332
333
334
335
336
337
338
339
340
341
342
343
344
345
346
347
348
349
350
351
352
353
354
355
356
357
358
359
360
361
362
363
364
365
366
367
368
369
370
371
372
373
374
375
376
377
378
379
380
381
382
383
384
385
386
387
388
389
390
391
392
393
394
395
396
397
398
399
400
401
402
403
404
405
406
407
408
409
410
411
412
413
414
415
416
417
418
419
420
421
422
423
424
425
426
427
428
429
430
431
432
433
434
435
436
437
438
439
440
441
442
443
444
445
446
447
448
449
450
451
452
453
454
455
456
457
458
459
460
461
462
463
464
465
466
467
468
469
470
471
472
473
474
475
476
477
478
479
480
481
482
483
484
485
486
487
488
489
490
491
492
493
494
495
496
497
498
499
500
501
502
503
504
505
506
507
508
509
510
511
512
513
514
515
516
517
518
519
520
521
522
523
524
525
526
527
528
529
530
531
532
533
534
535
536
537
538
539
540
541
542
543
544
545
546
547
548
549
550
551
552
553
554
555
556
557
558
559
560
561
562
563
564
565
566
567
568
569
570
571
572
573
574
575
576
577
578
579
580
581
582
583
584
585
586
587
588
589
590
591
592
593
594
595
596
597
598
599
600
601
602
603
604
605
606
607
608
609
610
611
612
613
614
615
616
617
618
619
620
621
622
623
624
625
626
627
628
629
630
631
632
633
634
635
636
637
638
639
640
641
642
643
644
645
646
647
648
649
650
651
652
653
654
655
656
657
658
659
660
661
662
663
664
665
666
667
668
669
670
671
672
673
674
675
676
677
678
679
680
681
682
683
684
685
686
687
688
689
690
691
692
693
694
695
696
697
698
699
700
701
702
703
704
705
706
707
708
709
710
711
712
713
714
715
716
717
718
719
720
721
722
723
724
725
726
727
728
729
730
731
732
733
734
735
736
737
738
739
740
741
742
743
744
745
746
747
748
749
750
751
752
753
754
755
756
757
758
759
760
761
762
763
764
765
766
767
768
769
770
771
772
773
774
775
776
777
778
779
780
781
782
783
784
785
786
787
788
789
790
791
792
793
794
795
796
797
798
799
800
801
802
803
804
805
806
807
808
809
810
811
812
813
814
815
816
817
818
819
820
821
822
823
824
825
826
827
828
829
830
831
832
833
834
835
836
837
838
839
840
841
842
843
844
845
846
847
848
849
850
851
852
853
854
855
856
857
858
859
860
861
862
863
864
865
866
867
868
869
870
871
872
873
874
875
876
877
878
879
880
881
882
883
884
885
886
887
888
889
890
891
892
893
894
895
896
897
898
899
900
901
902
903
904
905
906
907
908
909
910
911
912
913
914
915
916
917
918
919
920
921
922
923
924
925
926
927
928
929
930
931
932
933
934
935
936
937
938
939
940
941
942
943
944
945
946
947
948
949
950
951
952
953
954
955
956
957
958
959
960
961
962
963
964
965
966
967
968
969
970
971
972
973
974
975
976
977
978
979
980
981
982
983
984
985
986
987
988
989
990
991
992
993
994
995
996
997
998
999
1000
